1	47
2	9
3	52,14
4	1,52
5	2,52
6	3
7	43
8	15
9	16,10,43
10	40,43
11	38
12	49,30
13	52
14	52,47
15	4,37
16	52
17	5
18	19
19	6
20	33,14
21	52
22	7
23	10
24	30,46
25	52,9
26	52,25
27	38,47
28	42
29	37,45
30	39
31	23
32	40,43
33	24,31
34	45
35	1,52
36	2
37	17,3
38	49,9
39	52
40	52,10,26
41	17
42	4,52
43	17,11
44	34
45	29
46	52,5
47	52
48	37,31
49	48,16
50	48,6
51	43
52	36,7
53	16,52
54	41
55	8
56	32,17
57	32
58	52
59	34,52
60	17,19
61	36
62	52
63	17,43
64	1
65	2,52
66	3,9
67	51,14
68	51,23
69	48,52
70	17
71	11,43
72	4
73	44,15
74	52,5
75	52
76	51,6
77	35
78	7
79	49,52
80	15
81	37
82	50,11
83	33
84	52
85	20
86	28
87	23
88	39
89	52
90	32,52,12
91	43
92	15
93	52
94	52
95	1
96	2,52
97	3
98	13
99	37
100	31
101	52
102	52
103	4
104	45,47
105	5
106	17
107	52
108	6
109	10
110	13,47
111	38,7
112	52
113	24
114	19
115	13
116	52
117	26
118	9
119	14
120	52,12
121	37,13
122	41
123	52
124	52
125	1
126	2
127	3,52
128	19,26
129	46
130	16,45
131	43
132	16,52
133	52
134	26
135	4,47
136	49
137	52,5
138	31
139	37,6
140	39
141	24
142	7,14
143	35
144	52,11
145	32,19
146	28
147	52
148	41
149	34,52
150	29
151	8
152	32
153	20
154	10,26
155	1,52
156	2
157	3,52
158	43
159	50,20,9
160	52,42
161	34,4
162	23,12
163	24
164	52,5
165	39
166	50
167	52
168	18
169	52,6
170	22
171	7
172	17,25
173	14
174	52
175	23,41
176	16
177	16,17
178	52
179	52
180	20
181	18
182	22
183	1,52
184	2,36
185	3
186	52
187	40
188	28
189	52,23
190	11
191	52
192	4,39
193	33,45
194	52
195	52,5
196	32
197	17
198	6,9
199	11
200	21
201	52,7
202	43,47
203	52
204	52
205	37
206	32
207	29
208	41
209	25
210	8
211	48
212	52
213	1
214	2
215	3
216	33,42,45
217	17
218	52
219	52
220	21
221	40
222	23
223	40
224	4
225	52
226	52,5
227	52
228	6
229	49
230	16
231	52,7
232	16,29,30
233	45
234	48
235	16,10
236	52
237	18
238	48
239	52,22,42
240	28
241	30
242	1
243	2,52
244	3,52
245	49,10
246	16,25
247	52
248	43,30
249	14
250	37,8
251	43
252	33,26
253	22
254	52,47
255	4
256	52
257	52
258	18,5
259	50,43
260	14
261	6
262	52
263	7
264	49
265	52
266	8
267	52
268	21
269	48,17,40
270	10
271	39
272	1,17
273	2,27
274	3
275	52
276	52,25
277	40,11
278	30
279	52
280	41
281	52
282	48,25
283	4
284	37
285	18,41
286	52
287	5
288	31
289	52
290	13
291	6
292	13
293	12
294	7
295	26
296	16,52,40
297	49,44
298	51,52
299	52
300	11
301	52
302	32,37,22
303	1
304	2
305	3,31
306	52
307	27,14
308	43
309	49,52
310	19
311	45
312	4
313	18,11
314	5
315	52
316	52,6
317	52
318	50,39
319	24
320	7
321	23
322	16,52
323	23
324	23,10
325	52
326	52
327	42,12,46
328	16,29
329	49,42,12
330	19
331	9
332	1,52
333	2
334	3,52
335	11
336	51
337	27
338	22,23
339	42
340	52,13
341	39,46
342	40
343	52,25
344	4
345	52
346	27
347	52
348	5,8
349	21,42,15
350	13
351	6
352	52
353	48,38
354	52
355	7
356	52,13
357	32,11
358	25
359	20
360	42
361	18,36,21
362	52
363	1,52
364	2,52
365	3
366	17
367	46
368	40
369	31
370	26
371	4
372	17
373	5
374	52
375	31
376	52,25,12
377	19,11,15
378	6
379	49
380	52,7
381	23,14
382	10
383	8
384	18,27,14
385	50
386	52
387	52,41
388	17,22
389	52
390	27,45
391	19,14
392	52
393	49
394	8
395	1,20,45
396	2
397	3,52,9
398	52
399	20,11
400	19
401	52
402	11
403	23
404	4,52
405	46
406	5
407	25
408	6
409	22
410	52
411	52,7
412	25
413	30
414	34,52
415	20,14
416	19
417	52
418	49,31
419	19
420	40
421	52
422	42
423	49
424	13
425	1
426	2
427	3,52
428	18,25
429	52
430	36,26
431	9
432	39
433	28
434	4,52
435	27
436	52
437	33,5
438	52,38
439	50
440	17
441	6,23
442	52,13
443	50,22,39
444	7
445	52
446	38,24
447	9
448	32
449	13
450	52
451	52
452	39
453	12
454	1
455	2,52
456	3
457	33
458	26
459	30
460	52
461	18
462	28
463	15
464	4
465	28
466	5
467	52
468	6,11
469	52
470	52
471	7,13
472	52
473	37
474	15
475	52
476	24,11
477	52,37
478	17,26
479	13
480	16
481	15
482	1,52
483	2,52
484	3,8,45
485	17
486	52,26
487	30
488	38
489	17,30
490	41
491	18
492	52
493	52
494	33,4
495	18,52
496	36,38
497	5
498	22
499	6
500	39,30
501	34
502	17
503	21
504	52
505	21,7
506	37
507	52
508	49,39
509	14
510	52,11
511	1
512	2
513	3
514	40
515	8
516	50
517	52
518	52,30
519	26
520	52
521	31
522	38
523	52
524	39,31
525	4
526	45,15
527	52,5
528	52,11
529	10
530	6
531	48,44
532	16,7
533	33,29
534	32,41
535	52
536	25
537	34,52
538	31
539	48
540	52
541	35
542	42
543	25
544	1,38
545	2,52
546	3
547	52
548	16
549	52
550	43
551	4,52
552	49
553	41,45
554	5
555	49,52
556	51,6
557	52
558	7
559	13
560	40,47
561	52
562	29
563	30
564	22
565	52
566	11,14
567	52
568	30
569	17,37
570	25
571	51
572	52
573	35
574	1,52
575	2,27
576	3,52
577	44
578	49
579	33
580	42
581	52
582	12
583	38
584	52
585	4,20
586	52
587	23
588	21,46
589	38,11
590	5
591	24,15
592	31
593	52,43
594	52,6
595	46
596	9
597	52
598	7
599	35,24
600	51,9
601	52,23
602	37,29
603	52,12
604	52
605	1,43,44
606	2
607	3,15
608	33,44
609	43
610	51
611	4
612	52
613	5,40
614	42,14
615	18,8
616	6
617	8
618	38,39
619	52,7
620	52
621	20
622	11
623	18,41
624	51,52
625	52
626	52
627	25
628	21
629	26,13
630	24
631	24,31
632	1,52
633	2
634	3,11,46
635	22,41
636	42
637	52
638	52
639	12
640	28,29
641	14
642	4
643	22
644	16
645	52,5
646	52
647	6
648	52,21,8
649	7
650	14
651	43,45
652	21
653	21
654	52
655	35
656	20
657	33
658	16
659	52,14
660	33,52
661	52
662	38
663	1,49
664	2,35
665	3,52
666	46
667	29
668	23,29
669	24
670	52,28
671	52,24
672	38
673	4
674	17,52
675	5
676	52
677	16,47
678	6
679	11
680	33,7
681	35
682	51,11
683	49,52
684	52,47
685	52
686	20
687	23
688	15
689	33
690	32,38,45
691	10
692	25
693	52,11
694	1,52
695	2
696	3
697	16
698	40,14,47
699	16,52
700	50,15
701	11
702	33,52
703	4
704	52
705	49,36
706	5,24
707	36
708	18,6
709	52
710	7
711	12
712	52
713	35,15
714	13
715	52
716	34
717	39
718	33,14
719	11
720	52,26
721	1,31
722	2
723	3
724	52
725	22
726	38
727	52,25
728	50,8
729	32,19,42
730	52
731	52
732	4,52
733	17
734	14
735	5
736	44
737	33,43
738	52,6
739	35
740	27,31
741	52,7
742	48,50,8
743	52
744	16
745	39,9
746	37
747	32,35
748	14
749	46
750	52
751	23
752	1
753	2,52
754	3,10
755	34,11
756	22
757	52,46
758	26
759	44
760	52
761	19
762	52
763	4,52
764	50
765	40
766	52
767	31
768	50,5
769	36
770	42
771	36
772	6
773	35
774	7
775	21,25
776	23,30
777	52
778	52
779	52,31
780	48
781	9
782	52
783	31
784	1
785	2
786	3
787	28
788	52
789	52
790	17
791	19,23
792	52
793	4,26
794	19,47
795	10
796	16,46
797	5,24
798	29
799	52
800	52,6
801	22
802	7
803	16
804	52
805	52
806	18,22,47
807	52
808	51
809	24
810	36
811	1
812	2
813	3
814	45
815	19
816	52
817	52
818	52
819	8
820	33
821	44
822	47
823	4,52
824	52
825	47
826	5
827	52
828	6,29
829	20
830	24
831	7
832	16,35,52
833	19,8
834	52,38,43
835	14
836	45
837	50,11
838	18
839	52
840	44
841	17
842	22
843	1
844	2,52
845	3,15
846	30
847	26,45
848	51
849	52
850	16,52
851	4,52
852	45
853	5,30
854	51,52
855	6
856	43
857	7
858	52
859	19,37
860	38,15
861	12
862	32,22,25
863	39
864	52
865	47
866	52,11
867	47
868	34
869	12
870	52
871	43
872	45
873	1
874	2
875	3,52
876	10
877	9
878	52,47
879	52,40,26
880	44
881	50
882	4,52
883	43,28
884	23,12
885	52,5
886	52
887	36
888	15
889	6
890	35
891	52,7
892	11,14
893	37,41,29
894	31
895	50
896	52
897	19,28,29
898	39
899	26,27
900	52
901	36
902	27
903	43
904	52
905	1
906	2
907	3,52
908	23
909	48,24
910	52,28,15
911	13
912	52
913	24
914	4
915	52
916	5
917	52
918	6
919	39,11,28
920	40,29
921	21
922	52,7
923	14
924	50,52
925	43
926	17
927	31
928	18,52,38
929	38,30
930	16,17,34
931	43
932	1
933	2
934	3,52
935	52
936	12
937	52,38
938	16
939	28
940	27
941	21
942	52
943	15
944	13,14
945	4,52
946	52
947	5,13
948	41
949	18
950	6,28
951	52,36
952	7
953	46
954	49,19
955	44
956	19,52,37
957	23
958	20,24
959	25,10
960	52
961	48
962	27
963	1,52
964	2
965	3,52
966	34
967	52
968	31
969	37
970	26
971	39
972	4,43
973	52
974	50
975	5
976	50
977	6
978	39
979	52,7
980	52
981	52
982	33
983	52,26,28
984	48,28
985	42
986	51
987	37,8
988	41
989	52
990	24
991	1
992	2
993	3,52
994	13
995	41
996	21
997	52
998	39
999	35
1000	52
1001	18,24
1002	28
1003	25
1004	52
1005	4
1006	36
1007	33
1008	5
1009	52
1010	52,6
1011	52
1012	52,14
1013	21,7
1014	8
1015	22
1016	17,20,37
1017	52,25
1018	18
1019	29
1020	17,26,44
1021	1,52
1022	2
1023	3
1024	23
1025	52,25
1026	27
1027	44
1028	52
1029	33,14
1030	30
1031	4,52
1032	52
1033	5
1034	11
1035	6
1036	22
1037	49,36,7
1038	18,46
1039	33,8,9
1040	52
1041	43
1042	30
1043	51,10
1044	43
1045	34
1046	52
1047	23
1048	52
1049	52
1050	39
1051	43
1052	40,12
1053	45
1054	1,52
1055	2,52
1056	3
1057	48
1058	13
1059	52,42
1060	31
1061	23
1062	4,52
1063	10
1064	52,5
1065	36
1066	6
1067	52
1068	7
1069	21
1070	32
1071	18
1072	26
1073	30
1074	36,38
1075	32
1076	52
1077	52
1078	18,52
1079	24
1080	8
1081	1,52
1082	2
1083	3
1084	22,38
1085	43
1086	24
1087	9
1088	52
1089	9
1090	52
1091	52
1092	46
1093	4
1094	34,22
1095	50,52
1096	52,5
1097	27,13
1098	6
1099	41,27
1100	35
1101	7
1102	22
1103	50,22,30
1104	49
1105	52
1106	52,45
1107	44
1108	50
1109	22
1110	52
1111	37
1112	52,38
1113	18
1114	1,52
1115	2
1116	3,52
1117	12
1118	22
1119	46
1120	35
1121	9
1122	20
1123	43
1124	52,39
1125	16,4
1126	52
1127	5
1128	13
1129	52,6
1130	40,26
1131	7
1132	52
1133	36
1134	39
1135	46
1136	32,21,43,47
1137	52
1138	32
1139	52,11
1140	35
1141	45
1142	33,50,52
1143	32
1144	51,52,37
1145	1
1146	2
1147	33,3
1148	52
1149	18
1150	37
1151	12
1152	4
1153	52
1154	22
1155	5
1156	51
1157	6
1158	41
1159	52
1160	52,7
1161	49
1162	52
1163	9
1164	52
1165	20
1166	10
1167	39
1168	38
1169	52
1170	11
1171	52
1172	52
1173	21
1174	41,47
1175	1
1176	2
1177	3,52
1178	18,21
1179	17,28
1180	23,44
1181	34
1182	4,52
1183	52,31
1184	9,46
1185	11
1186	5
1187	32
1188	52,6
1189	45
1190	7
1191	23,12
1192	52
1193	10
1194	10
1195	50
1196	17
1197	52
1198	16,23,15
1199	28
1200	52
1201	42,31
1202	51
1203	1,52
1204	2
1205	3
1206	11
1207	52
1208	36
1209	52
1210	37,27
1211	10,11
1212	16
1213	50
1214	52
1215	4
1216	49
1217	34,29
1218	52,5
1219	52
1220	6
1221	51,52
1222	33,36
1223	7
1224	17,52,21
1225	36
1226	11,31
1227	52
1228	12
1229	23
1230	30,47
1231	42
1232	50
1233	49
1234	1
1235	2,52,31
1236	3
1237	8
1238	52
1239	50
1240	52
1241	52
1242	19,13
1243	4
1244	51
1245	11
1246	17,52
1247	5
1248	52,30
1249	6
1250	34,12
1251	7
1252	52
1253	52
1254	52
1255	20,45
1256	42
1257	35,8,42
1258	33
1259	23
1260	11,43
1261	12
1262	34
1263	52,47
1264	17
1265	1,39,23
1266	2,39,46
1267	3,52
1268	24
1269	49
1270	35,52,20
1271	40,11
1272	37,22
1273	4
1274	18,19,20
1275	36,27
1276	52,5
1277	25
1278	34
1279	52
1280	52
1281	26
1282	6
1283	34
1284	7
1285	19,52
1286	52
1287	35
1288	51,52
1289	41
1290	45
1291	26
1292	1,52
1293	2,52
1294	3
1295	33
1296	40,28
1297	43
1298	52
1299	19
1300	48,35
1301	16
1302	4
1303	18
1304	26,13,15
1305	5
1306	52,27
1307	52,20,6
1308	49
1309	52,21
1310	7
1311	52
1312	32
1313	22
1314	20,28
1315	52,23
1316	33,41
1317	52
1318	15
1319	19
1320	19,40,27
1321	28
1322	1
1323	2,52
1324	32,3
1325	52
1326	52
1327	43
1328	36
1329	48,25
1330	26,13
1331	4,52,10
1332	17
1333	47
1334	5
1335	50,36,41
1336	52,6
1337	52
1338	7,44
1339	32
1340	26
1341	52
1342	11
1343	46
1344	37
1345	11
1346	52
1347	16,44
1348	10,42
1349	22,39
1350	52
1351	50
1352	52,40
1353	1
1354	2
1355	3,20,46
1356	42
1357	52
1358	18,27
1359	26
1360	52
1361	16,15
1362	4,52
1363	19,41
1364	35,23
1365	52
1366	5
1367	31
1368	52
1369	25
1370	6
1371	50,8
1372	7
1373	51,52,8,12
1374	27
1375	52
1376	50
1377	36
1378	29
1379	38
1380	52
1381	52
1382	52
1383	10
1384	31
1385	1
1386	2
1387	3,25
1388	12
1389	52,45
1390	33
1391	16
1392	4,52
1393	29
1394	52
1395	5
1396	51,40,10
1397	14
1398	6
1399	8
1400	52
1401	7
1402	39
1403	25
1404	52
1405	48,52
1406	52
1407	15
1408	27
1409	44
1410	35
1411	52
1412	52
1413	1,42
1414	2
1415	3
1416	44
1417	23
1418	22,29
1419	11
1420	17,52
1421	32,4
1422	52
1423	26
1424	22
1425	5
1426	52,11
1427	52,6
1428	42
1429	8
1430	39
1431	7
1432	31
1433	44,13
1434	52
1435	52
1436	13
1437	21,8
1438	33,17,37
1439	52
1440	29
1441	18
1442	52
1443	52
1444	50,40
1445	1
1446	2
1447	3,52
1448	23,42
1449	17
1450	37
1451	4
1452	52
1453	49,52
1454	5
1455	44
1456	6
1457	29
1458	35,38
1459	52,7
1460	45
1461	44,14
1462	48,40
1463	41,47
1464	51
1465	52
1466	40
1467	52
1468	52,22,28
1469	41
1470	45
1471	1,52
1472	2
1473	3
1474	21,37
1475	52,43
1476	24
1477	52
1478	33
1479	15
1480	35,8
1481	24,31
1482	4
1483	27
1484	51,5,8
1485	28
1486	52,6
1487	16
1488	52,7
1489	48
1490	18,52
1491	13
1492	52
1493	19
1494	40
1495	31
1496	25
1497	52
1498	51
1499	52,38,30
1500	15
1501	52
1502	1,38,41,11
1503	2
1504	3
1505	18,8
1506	14
1507	14
1508	29
1509	52
1510	52
1511	52,41
1512	46
1513	52
1514	4,52
1515	20,46
1516	5,15
1517	37
1518	48
1519	35
1520	6,11
1521	52
1522	52
1523	48
1524	52,7
1525	48
1526	18,45
1527	40
1528	23
1529	11
1530	33
1531	1
1532	2,23
1533	3,52
1534	36
1535	34,13
1536	48
1537	52,45
1538	52
1539	45,47
1540	15
1541	52
1542	4
1543	52
1544	49,14
1545	14
1546	5
1547	52
1548	30
1549	6
1550	31
1551	25,30
1552	7
1553	52
1554	31
1555	14
1556	39
1557	17
1558	17,42
1559	52
1560	52,40
1561	52
1562	52
1563	1,51
1564	2
1565	3,52
1566	8,43
1567	23,41
1568	46
1569	13
1570	21
1571	13
1572	51
1573	4,52
1574	35,21
1575	35
1576	10
1577	5
1578	29
1579	52
1580	52
1581	6,9
1582	9
1583	52,7
1584	19
1585	30
1586	52
1587	50,25
1588	29,46
1589	22
1590	17,52,45
1591	1,49
1592	2,41,10
1593	3
1594	35
1595	38,27
1596	52,36
1597	17,11
1598	52
1599	52
1600	48
1601	4
1602	44
1603	5
1604	12
1605	33
1606	6
1607	52,20
1608	52
1609	8
1610	48,52
1611	24
1612	7,43
1613	29
1614	27
1615	52
1616	20
1617	17
1618	52
1619	29
1620	52,28
1621	1,52
1622	2
1623	3
1624	12,46
1625	52,24
1626	14
1627	32
1628	10
1629	30
1630	52
1631	17
1632	9
1633	4,52
1634	23,10
1635	5,12,30
1636	52,23
1637	6
1638	19
1639	52
1640	7
1641	8
1642	17
1643	37,39
1644	17
1645	52
1646	50
1647	52,12
1648	50
1649	20,37
1650	50,52
1651	52
1652	1
1653	2
1654	3
1655	18,45
1656	40
1657	52,38
1658	52
1659	17
1660	10
1661	52
1662	52
1663	11
1664	28
1665	4,27,30
1666	47
1667	5
1668	15
1669	49,52
1670	6
1671	37,11
1672	50
1673	7,11,46
1674	32,27
1675	52
1676	21
1677	48,52
1678	31
1679	28
1680	52
1681	23
1682	52
1683	1
1684	2,52
1685	3
1686	52
1687	43
1688	23,46
1689	9
1690	17
1691	14
1692	49,52
1693	52
1694	4
1695	24
1696	36
1697	29
1698	9
1699	52,5
1700	42
1701	35,52
1702	48,36,14
1703	42
1704	6
1705	43,46
1706	52,7
1707	35
1708	52,30
1709	49,25
1710	23
1711	52
1712	10
1713	16
1714	46
1715	1
1716	2
1717	3,19
1718	52
1719	42
1720	52
1721	52
1722	4
1723	21,47
1724	52,5
1725	50,21,10
1726	52,6
1727	41
1728	39
1729	41
1730	7
1731	52
1732	37
1733	37,44
1734	52,45
1735	45
1736	39
1737	31
1738	52,38
1739	35
1740	15
1741	15
1742	1
1743	2
1744	3
1745	47
1746	39
1747	38,9
1748	52
1749	52
1750	52
1751	18,35
1752	4,43
1753	16,34
1754	47
1755	5
1756	23
1757	6
1758	52
1759	52,7
1760	52
1761	15
1762	35,21
1763	51,36
1764	52
1765	48,28
1766	45
1767	48
1768	52
1769	52,15
1770	25
1771	52
1772	24
1773	16
1774	14
1775	1
1776	2,52
1777	3,52
1778	28
1779	29
1780	12
1781	36
1782	52,10
1783	4
1784	52
1785	46
1786	5
1787	52
1788	17
1789	6
1790	35,29
1791	20,15
1792	7
1793	52
1794	52
1795	19,8,26
1796	49
1797	27,11
1798	52
1799	32
1800	25
1801	13
1802	20,26
1803	20
1804	1,52
1805	2
1806	3,52
1807	35,25
1808	8,46
1809	52
1810	19,46
1811	52
1812	20
1813	31
1814	40
1815	4,52
1816	44
1817	18,27,31
1818	21
1819	52
1820	5
1821	52
1822	6
1823	52
1824	38,8
1825	51,29
1826	38,7,26
1827	14
1828	52
1829	26,15
1830	40
1831	23,28
1832	41
1833	1,52
1834	2,52
1835	3
1836	8
1837	34
1838	37,46
1839	52,21
1840	27,31
1841	52,23
1842	4,27
1843	14
1844	52,5
1845	16,13,46
1846	6
1847	52
1848	19,7
1849	36,8
1850	33
1851	52
1852	16,21
1853	32,31
1854	44
1855	35,52
1856	52
1857	44
1858	47
1859	26
1860	46
1861	1
1862	2,51
1863	3,25,12
1864	52
1865	51
1866	46,30
1867	49,52
1868	52
1869	9
1870	9
1871	51
1872	4
1873	45
1874	52
1875	5
1876	51
1877	6
1878	52
1879	7
1880	52
1881	46
1882	18
1883	22
1884	52
1885	21,12
1886	37,24
1887	52
1888	49
1889	11,30
1890	52
1891	1
1892	32,2
1893	3
1894	52
1895	27,30
1896	52
1897	50
1898	52
1899	30
1900	14
1901	52,22
1902	37
1903	51
1904	16,51,37,30
1905	4
1906	52
1907	5
1908	49,38
1909	32
1910	52,6
1911	52
1912	52
1913	7
1914	29,47
1915	17,31
1916	42,27
1917	27
1918	52,26,12
1919	16,9
1920	19,24
1921	36,25
1922	11
1923	1,52
1924	2
1925	3,52
1926	51,20
1927	46
1928	52,8
1929	31
1930	21
1931	33
1932	26
1933	4,14
1934	41,44
1935	52,5
1936	38
1937	35,46
1938	52,6
1939	22
1940	52,7
1941	52,40
1942	27
1943	22
1944	42,31
1945	11
1946	52,40
1947	33,9
1948	34
1949	33,24
1950	16,52
1951	12,30
1952	19
1953	46
1954	52
1955	1
1956	2
1957	3,52
1958	9,27
1959	52
1960	31
1961	4
1962	52,25,31
1963	18
1964	48,43
1965	52,5
1966	49
1967	6
1968	40
1969	52,15
1970	7,29
1971	52
1972	52
1973	20,29
1974	48
1975	49,15
1976	39,42,45
1977	52,22
1978	24
1979	49
1980	41,31
1981	1,52
1982	2,52
1983	3,52
1984	47
1985	31
1986	44,30
1987	48
1988	25
1989	35
1990	15
1991	47
1992	51
1993	34,52
1994	4,30
1995	49,52
1996	5
1997	51,8
1998	6
1999	25
2000	52,39
2001	7
2002	31
2003	17,38
2004	52
2005	26
2006	32
2007	52
2008	52
2009	17
2010	21,23
2011	17,34
2012	52
2013	30
2014	52
2015	1,52
2016	2,47
2017	3,38,9
2018	26
2019	28
2020	29,47
2021	4,28
2022	47
2023	52,5
2024	15
2025	32,48
2026	6,22
2027	52
2028	52
2029	29
2030	7
2031	52,21
2032	17
2033	40,47
2034	28
2035	29
2036	52,14
2037	49,35
2038	42
2039	52
2040	15,31
2041	52,38
2042	1,17,52
2043	32,2
2044	3,41,31
2045	27
2046	48
2047	36
2048	52
2049	21
2050	17,10
2051	16,38
2052	30
2053	52
2054	32
2055	4
2056	50
2057	52,5
2058	38
2059	32,52
2060	13
2061	52,6
2062	45,30
2063	48,44
2064	52,7
2065	34
2066	8,15
2067	10
2068	18
2069	19
2070	51,52
2071	1,24,14
2072	33,17,2
2073	3,47
2074	43
2075	52
2076	38
2077	37
2078	13
2079	52
2080	52
2081	52
2082	4
2083	25,45,30
2084	5
2085	13
2086	6
2087	12
2088	52
2089	52
2090	7
2091	12
2092	23
2093	52
2094	27
2095	44
2096	37
2097	52,20
2098	42
2099	52,20
2100	33,43
2101	52
2102	52
2103	49
2104	1,52
2105	2
2106	3,27
2107	8,30
2108	45
2109	37
2110	9
2111	11
2112	4
2113	34
2114	45
2115	52,5
2116	44
2117	27
2118	17,52
2119	6
2120	52,14
2121	52
2122	29
2123	52,7
2124	17,41
2125	49
2126	52
2127	42,13
2128	16,22,12
2129	50,34
2130	40
2131	48
2132	22,24
2133	1,52
2134	2,52
2135	3
2136	37,30
2137	35
2138	31
2139	20
2140	17,52
2141	4,52
2142	52
2143	18,25,42
2144	5,24
2145	25
2146	52,6
2147	17
2148	31
2149	7,11
2150	11
2151	52
2152	44
2153	37,42
2154	23
2155	39
2156	32,52
2157	8
2158	46
2159	17,28
2160	18,52
2161	35,12
2162	52
2163	1,47
2164	2
2165	3
2166	52
2167	39
2168	40
2169	52,23
2170	32,22
2171	11
2172	52
2173	8
2174	4
2175	40
2176	5,41
2177	15
2178	37,39,29,14
2179	52
2180	52,6
2181	52
2182	7
2183	35
2184	23,41,10
2185	30
2186	52
2187	52
2188	21
2189	51,8
2190	42
2191	1
2192	2,52
2193	3
2194	28,45
2195	20
2196	49,21
2197	25,46
2198	52
2199	21
2200	52,14
2201	17,10
2202	38
2203	4
2204	52
2205	46
2206	19,5
2207	52,23
2208	52
2209	33,6
2210	33
2211	20,21
2212	42,43
2213	7
2214	49,36
2215	16,26
2216	52
2217	49,26,12
2218	52,44
2219	52
2220	41,30
2221	1,52
2222	2,9
2223	3
2224	22
2225	21
2226	17,50
2227	31
2228	28
2229	18,52
2230	52
2231	22
2232	37
2233	52
2234	4
2235	52
2236	38,13
2237	5
2238	36,29
2239	52,6
2240	51,25
2241	52
2242	7
2243	8
2244	13
2245	24,10
2246	37
2247	10
2248	48,52
2249	52
2250	9
2251	52
2252	52
2253	17
2254	23
2255	1
2256	2
2257	3,47
2258	52
2259	49
2260	49,44
2261	43,45
2262	37,27
2263	4,36
2264	52,41
2265	5
2266	11
2267	52,11
2268	6,44
2269	8,12
2270	52
2271	7
2272	52
2273	43
2274	22
2275	33
2276	49,52
2277	49,41
2278	46
2279	44
2280	50,52
2281	1,31
2282	2,52
2283	3
2284	34,47
2285	52
2286	52,13
2287	29
2288	9,26
2289	41
2290	17
2291	19,37
2292	4
2293	39,46
2294	52
2295	52,26
2296	19,23,14
2297	5
2298	52
2299	6
2300	24,14
2301	31
2302	7
2303	37
2304	51
2305	8
2306	52
2307	48,52
2308	36,23
2309	19
2310	52,42
2311	23
2312	14
2313	41,47
2314	1,52
2315	2
2316	3,52
2317	31,47
2318	52
2319	30
2320	43
2321	28
2322	52,30
2323	52
2324	4
2325	28
2326	52
2327	5
2328	25
2329	6,44
2330	42
2331	37
2332	45
2333	35,7
2334	31
2335	20
2336	52
2337	52
2338	52
2339	32
2340	51
2341	44
2342	1,52
2343	2,52
2344	3,28
2345	52
2346	36
2347	22
2348	43
2349	10
2350	11
2351	22,23
2352	52
2353	4
2354	26
2355	52,5
2356	52,22
2357	6,42
2358	39
2359	15
2360	36,7
2361	52
2362	44,31
2363	12
2364	22
2365	21,28
2366	19,26
2367	16
2368	52
2369	52,30
2370	35
2371	48,38
2372	11
2373	1,52
2374	2,52
2375	3
2376	52
2377	27
2378	30,15
2379	44
2380	34
2381	4,52
2382	15
2383	52,39
2384	5
2385	45,29
2386	41
2387	6,27
2388	52
2389	7
2390	33,31
2391	22
2392	52,10
2393	51
2394	12,47
2395	52
2396	52
2397	35,47
2398	34
2399	40,12
2400	35,38
2401	38
2402	22
2403	10
2404	40,31
2405	1
2406	2,20
2407	3,52
2408	52
2409	52
2410	41
2411	28,29
2412	4
2413	33,31
2414	5
2415	26
2416	36
2417	52,6
2418	21
2419	52,7
2420	52
2421	27
2422	52
2423	29
2424	19,52
2425	40,25
2426	22
2427	52
2428	35
2429	34
2430	18
2431	52
2432	25,47
2433	1
2434	2,52
2435	3
2436	49,39
2437	47
2438	48,25
2439	52
2440	25
2441	4,52
2442	52
2443	8,28
2444	52,5
2445	48,16,40
2446	38
2447	26
2448	26
2449	6
2450	19
2451	19
2452	7
2453	23,31
2454	45
2455	29
2456	52,47
2457	43
2458	8
2459	52,14
2460	50,52
2461	17,21
2462	19,52
2463	1,21
2464	2,52
2465	3
2466	43
2467	38,46
2468	31
2469	52
2470	42
2471	52
2472	4
2473	52
2474	5
2475	40,30
2476	6
2477	36
2478	19
2479	7,46
2480	52
2481	47
2482	32,42
2483	17,36,40
2484	52,23
2485	17
2486	52
2487	52
2488	10
2489	50
2490	18,15
2491	34
2492	1
2493	2
2494	3,52
2495	42
2496	34,52
2497	52,43
2498	18,15
2499	34
2500	29
2501	18
2502	27
2503	4
2504	21
2505	5
2506	52,45
2507	19,22
2508	52,6
2509	52
2510	7
2511	22
2512	31
2513	45
2514	39
2515	27
2516	52
2517	21,37,12
2518	52
2519	52
2520	27
2521	8
2522	38
2523	16,25
2524	52
2525	1,52
2526	2
2527	3,14
2528	33,35
2529	52
2530	44
2531	28
2532	52
2533	4
2534	35,9
2535	5
2536	52
2537	6
2538	28,14
2539	29,46
2540	52
2541	44
2542	42
2543	7
2544	45,15
2545	52,13
2546	32
2547	52,46
2548	20,15
2549	52
2550	20
2551	37
2552	38,47
2553	1,52
2554	2
2555	3,21
2556	34,52
2557	22
2558	47
2559	22
2560	52
2561	4
2562	32,18
2563	52
2564	5
2565	25
2566	52
2567	25
2568	38,31
2569	52,6
2570	37,24
2571	7,28
2572	52
2573	23
2574	43
2575	19
2576	38,41
2577	39
2578	29
2579	52
2580	52
2581	1,40
2582	2
2583	3,27
2584	52
2585	13
2586	27
2587	33
2588	34
2589	52
2590	52,13
2591	35,38
2592	52
2593	13
2594	4
2595	18
2596	5
2597	50,19,38
2598	52,25
2599	6,24
2600	52
2601	24
2602	52,7,40
2603	46
2604	22
2605	34,25
2606	33
2607	52
2608	34
2609	19
2610	52
2611	50
2612	51,19
2613	52
2614	19,38
2615	1
2616	2
2617	3
2618	52
2619	52,23,27,28
2620	37,31
2621	8
2622	8
2623	43
2624	15
2625	4
2626	52,14
2627	52
2628	5
2629	28
2630	52,21
2631	6
2632	52
2633	42
2634	7
2635	19,15
2636	52
2637	28
2638	31
2639	52,29
2640	14
2641	52,20
2642	52,40
2643	52,26,13
2644	1
2645	2
2646	3
2647	49
2648	42
2649	16
2650	51
2651	52
2652	43
2653	50
2654	52
2655	48,18,4
2656	14
2657	5
2658	52
2659	23
2660	19,6
2661	40
2662	52,7
2663	16
2664	44
2665	33
2666	48,52,25
2667	52
2668	9
2669	25
2670	19
2671	1
2672	2,52
2673	3,15
2674	52,45
2675	12
2676	20,22
2677	51,45
2678	20
2679	24
2680	52
2681	31
2682	10,11
2683	32,52
2684	47
2685	4,52
2686	22,43,13
2687	5
2688	46
2689	48,6
2690	33,52
2691	47
2692	7
2693	51,13
2694	52
2695	32
2696	52
2697	52,43
2698	33,14
2699	39
2700	12
2701	52
2702	16,31
2703	1,42
2704	2
2705	3,52
2706	24
2707	9
2708	52
2709	10,44
2710	20
2711	33
2712	21
2713	52
2714	4
2715	11
2716	5,25
2717	52
2718	51,52
2719	6
2720	21
2721	49
2722	11
2723	10,30
2724	7,40
2725	52,10
2726	12
2727	52
2728	44,46
2729	52
2730	32
2731	30
2732	1,52
2733	48,2,37
2734	3,52
2735	24
2736	16
2737	31
2738	48,40
2739	52
2740	50
2741	51
2742	52,9
2743	52
2744	20
2745	4,52
2746	13
2747	29
2748	36
2749	5
2750	50
2751	48
2752	6
2753	8
2754	52
2755	21
2756	7
2757	52
2758	52
2759	50,30
2760	33
2761	1,8
2762	2
2763	3,52
2764	26
2765	28
2766	48,30
2767	40
2768	52
2769	24
2770	52
2771	52
2772	52
2773	37,8
2774	10
2775	4
2776	15
2777	19,30
2778	20
2779	52,5
2780	47
2781	6
2782	52
2783	35,19
2784	7
2785	47
2786	16,36,39
2787	50,52,23
2788	22
2789	32
2790	52
2791	40
2792	1,17
2793	2,52
2794	3,52
2795	17
2796	48,51
2797	25,30
2798	52
2799	50,40
2800	34
2801	12,14,47
2802	4
2803	32,38
2804	52,45
2805	19,5
2806	24
2807	52
2808	32
2809	6
2810	52
2811	7
2812	52
2813	25
2814	52
2815	15
2816	51
2817	51
2818	52,41,12
2819	10
2820	22,42
2821	36
2822	52
2823	52
2824	41,43
2825	1
2826	2,40
2827	3,47
2828	35
2829	17,12
2830	52
2831	17,13
2832	48,15
2833	52
2834	4,45
2835	47
2836	5
2837	34,38
2838	52,6
2839	52
2840	7
2841	21
2842	34,9
2843	48
2844	38
2845	26
2846	47
2847	52
2848	46
2849	52
2850	52
2851	40,42
2852	1
2853	2,52
2854	3,52
2855	52
2856	48,39,24
2857	8,15
2858	27
2859	13
2860	14
2861	16,39
2862	35
2863	34,4,52
2864	50
2865	52,24
2866	39
2867	17,5
2868	33
2869	35,26
2870	52
2871	21,6
2872	44
2873	52,7
2874	52
2875	23
2876	19,41,45
2877	25,26
2878	37,13
2879	52
2880	10
2881	42
2882	52,46
2883	41
2884	1,31
2885	2,39
2886	3,52
2887	52
2888	35
2889	37
2890	32
2891	20,39,28
2892	52
2893	52
2894	36
2895	4
2896	38
2897	52
2898	49
2899	17,5
2900	51
2901	52
2902	6
2903	25
2904	52,7
2905	32,21
2906	16
2907	15
2908	34,41,46
2909	36
2910	52
2911	24
2912	1,11
2913	2,52
2914	3,52
2915	52
2916	18
2917	33,45
2918	10
2919	16,27
2920	48
2921	4,52
2922	52
2923	27,44
2924	5
2925	22
2926	52,6
2927	15
2928	51
2929	32,7
2930	45
2931	33,15
2932	52
2933	24
2934	46
2935	52
2936	47
2937	18
2938	52
2939	43
2940	25,31
2941	30
2942	31
2943	32
2944	52
2945	1,29
2946	49,2
2947	3,52
2948	52
2949	22
2950	40
2951	19
2952	21,40
2953	11
2954	16
2955	4,52
2956	17,52,12
2957	26
2958	12
2959	20
2960	52,5
2961	51
2962	35,6
2963	33
2964	11
2965	17,38
2966	7
2967	52
2968	52
2969	51,47
2970	52
2971	34
2972	49
2973	19
2974	1
2975	2
2976	3
2977	17
2978	52
2979	52
2980	52
2981	41
2982	52,26
2983	4
2984	45
2985	35
2986	5
2987	52,47
2988	25
2989	6
2990	52
2991	7
2992	42
2993	52,21
2994	52
2995	34
2996	24
2997	23
2998	34
2999	52
3000	50,13
3001	52
3002	52
3003	41
3004	52,11
3005	1
3006	2
3007	3,41
3008	34,45,13
3009	28
3010	17
3011	52
3012	8,26
3013	4
3014	19,52,43
3015	47
3016	5
3017	50
3018	37,6
3019	52,40
3020	7
3021	34,36
3022	52,44
3023	52
3024	47
3025	44
3026	52
3027	48,16,8
3028	28
3029	46
3030	21
3031	1,52
3032	2
3033	3
3034	52,30
3035	20
3036	8
3037	40,45
3038	25
3039	52
3040	28,12
3041	4
3042	17,44
3043	52,5
3044	46
3045	45
3046	52,6
3047	37,12
3048	14
3049	52,7
3050	23
3051	16
3052	40
3053	21
3054	18
3055	30
3056	51,52
3057	52
3058	52,11
3059	38,30
3060	51
3061	26
3062	1,52
3063	2
3064	3,52
3065	45
3066	23
3067	52
3068	27,13
3069	18,31
3070	24
3071	4,25
3072	24
3073	5
3074	52
3075	6,28
3076	32,8
3077	52
3078	48
3079	52
3080	7
3081	10,31
3082	26
3083	20
3084	21,46
3085	42
3086	52
3087	52
3088	39,30
3089	28
3090	52
3091	18
3092	52
3093	49,52
3094	1
3095	2,52
3096	3,21
3097	47
3098	21
3099	50
3100	42
3101	35,43
3102	45
3103	4,52
3104	52
3105	52,5
3106	39
3107	27
3108	6
3109	39,29
3110	14
3111	52,7
3112	10
3113	12
3114	43
3115	16,44
3116	20,23
3117	45
3118	52
3119	43
3120	52
3121	1,52
3122	2,52
3123	3
3124	52
3125	22,12
3126	17,35,31,47
3127	10
3128	39
3129	36,45
3130	43
3131	52
3132	52,22
3133	52
3134	9,29
3135	4,13
3136	21
3137	5
3138	36,9
3139	6,8,14
3140	35,40
3141	7,43
3142	33,19
3143	31
3144	52
3145	40
3146	45
3147	52
3148	52,28
3149	34
3150	50,12
3151	52
3152	1,11
3153	2
3154	3,15
3155	52
3156	52
3157	40
3158	47
3159	18,38
3160	45
3161	12
3162	4,52
3163	36
3164	5
3165	41,47
3166	6
3167	52,41
3168	52,7
3169	27
3170	43
3171	52
3172	40
3173	52
3174	33
3175	49
3176	52
3177	39,28
3178	15
3179	20
3180	20,39
3181	44
3182	1,33
3183	2
3184	3
3185	20
3186	52
3187	23
3188	52
3189	28
3190	52,10
3191	52
3192	52
3193	4,22
3194	10
3195	5
3196	34
3197	52
3198	50,34,46
3199	6,40
3200	39
3201	52,7
3202	52
3203	41,27
3204	52
3205	24
3206	28
3207	22
3208	18,14
3209	12
3210	29
3211	13
3212	34
3213	52
3214	40,31
3215	1,52
3216	2,12
3217	3
3218	45
3219	40
3220	52
3221	52
3222	36
3223	30
3224	32
3225	4
3226	44
3227	52,5
3228	12
3229	50,52,6
3230	12
3231	52,7
3232	50,20
3233	28
3234	23
3235	52
3236	23
3237	43
3238	52,44
3239	42
3240	22,14
3241	1,37
3242	32,2
3243	32,3,52
3244	44,15
3245	27
3246	34
3247	52
3248	33
3249	11
3250	52
3251	28
3252	4
3253	26
3254	17,26
3255	5
3256	50
3257	52,6
3258	20
3259	52
3260	52,7
3261	24
3262	32,52
3263	35
3264	32,39
3265	41,26
3266	13
3267	8
3268	39,24,26
3269	52
3270	52
3271	37
3272	47
3273	32,52
3274	1
3275	2,8
3276	3,52
3277	33
3278	52,12
3279	50
3280	19
3281	52
3282	16,33,43
3283	4
3284	52,36
3285	5,41
3286	38
3287	6
3288	52
3289	51
3290	37,7
3291	52
3292	40
3293	22
3294	21,37
3295	48
3296	36,22
3297	10,29
3298	52
3299	52
3300	29
3301	1
3302	2,52
3303	3
3304	17
3305	52
3306	29
3307	27,31
3308	52,41
3309	30
3310	42
3311	8,27
3312	52
3313	45
3314	52
3315	4
3316	13
3317	51,46
3318	28
3319	40,43
3320	52,5
3321	48
3322	37,6
3323	36,26
3324	52,7
3325	32,22
3326	18
3327	21,15
3328	52
3329	10,31
3330	52
3331	52
3332	19
3333	1
3334	2
3335	3,20
3336	52
3337	52
3338	44
3339	34
3340	44
3341	33,19
3342	4,52
3343	35
3344	44
3345	5
3346	16,42
3347	52
3348	52
3349	6,41
3350	27
3351	52,7
3352	19,44
3353	19
3354	52
3355	36,27
3356	22
3357	16
3358	52
3359	22
3360	14
3361	27
3362	1
3363	2
3364	34,3,36
3365	52
3366	34
3367	32,13
3368	52
3369	52
3370	13
3371	10,47
3372	52
3373	13,46
3374	44,30
3375	4,52
3376	19
3377	18,39,12
3378	52
3379	5
3380	19,39
3381	52,6
3382	52
3383	7
3384	24
3385	27
3386	19
3387	24
3388	34,52
3389	18,37
3390	34
3391	50,35
3392	1
3393	2,52,13
3394	3,52
3395	50
3396	48
3397	48
3398	49
3399	52
3400	44
3401	25,47
3402	14
3403	22
3404	36
3405	4,52
3406	52,15
3407	8
3408	5
3409	52
3410	6
3411	11
3412	52,7
3413	52,20
3414	14
3415	52
3416	25
3417	45
3418	50
3419	38,9,10
3420	17,20
3421	46
3422	52
3423	19,21
3424	1
3425	2
3426	3,52
3427	51
3428	12
3429	39,12
3430	52,38
3431	8,12
3432	16,52
3433	4,36
3434	33,45
3435	5
3436	19
3437	23,29
3438	52,6
3439	52
3440	7
3441	8,10,28
3442	16
3443	24
3444	52
3445	19,26,46
3446	52
3447	17,35
3448	51
3449	42
3450	52,30
3451	52
3452	35,26
3453	1,33
3454	2
3455	3
3456	36
3457	36,43
3458	52,43
3459	52
3460	36
3461	26
3462	4,47
3463	52
3464	30
3465	5
3466	21,41
3467	52,6
3468	51
3469	52,7
3470	32,34
3471	29
3472	45,46
3473	52,24,45
3474	9,13
3475	38
3476	21
3477	26
3478	15
3479	52
3480	52,28
3481	19
3482	1
3483	2,52
3484	3,38
3485	33,29
3486	52
3487	34,15
3488	11
3489	32,52
3490	49
3491	52,9
3492	52
3493	4,23
3494	43,30
3495	5,37
3496	26
3497	45
3498	6,26
3499	52
3500	7
3501	52
3502	33,27
3503	36,24
3504	44
3505	52
3506	26
3507	41
3508	51
3509	52,20
3510	46
3511	1
3512	2
3513	3,42
3514	13
3515	46
3516	42
3517	52
3518	52
3519	17
3520	52,47
3521	52
3522	24,46
3523	36,45
3524	4
3525	45
3526	40,11
3527	52
3528	5
3529	52
3530	35,26
3531	6
3532	25
3533	7
3534	17
3535	11,43
3536	52
3537	41
3538	38,31
3539	52,27
3540	52
3541	46,47
3542	50
3543	12
3544	1,52
3545	2,15
3546	3
3547	30
3548	52
3549	52
3550	13,30
3551	4
3552	35,52
3553	9,43
3554	33,10
3555	23,26
3556	5
3557	52,21
3558	52,6
3559	16
3560	7
3561	8,43
3562	52
3563	39,30
3564	24
3565	52,8
3566	52
3567	51
3568	37,43
3569	36,30,15
3570	50
3571	19
3572	52
3573	27
3574	16,1
3575	2,52
3576	3,36
3577	32
3578	48,12
3579	40
3580	52,20,11
3581	52
3582	52
3583	4,36,45
3584	38
3585	5,30
3586	51,52
3587	26
3588	29
3589	44
3590	15
3591	6
3592	36
3593	52,7
3594	49
3595	9
3596	20,11,30
3597	52,15
3598	52
3599	24
3600	28
3601	1,52
3602	2,52
3603	3,38
3604	16
3605	52
3606	36
3607	12
3608	34,13
3609	23
3610	29
3611	33
3612	16
3613	43
3614	35
3615	4,52
3616	44
3617	25,45
3618	52,5
3619	52
3620	33,9
3621	6,10
3622	23
3623	7,43
3624	16
3625	52,21
3626	52,46,31
3627	28
3628	52
3629	23
3630	8
3631	1
3632	2,52
3633	3
3634	32
3635	52
3636	28
3637	45
3638	35,52
3639	38
3640	33,23
3641	18,9
3642	52
3643	4
3644	16
3645	5
3646	52
3647	49,37
3648	15
3649	6
3650	52,26
3651	52
3652	7
3653	48
3654	52,14
3655	13
3656	52
3657	43
3658	14
3659	17,29
3660	50
3661	8
3662	1,52
3663	48,2
3664	3,15
3665	26,45
3666	52
3667	33
3668	52
3669	34,37,38,42
3670	25
3671	4,52
3672	49
3673	29
3674	52,5
3675	52
3676	6
3677	27
3678	7
3679	49
3680	10
3681	11
3682	18
3683	52
3684	52
3685	36
3686	35
3687	23
3688	10,30
3689	43
3690	52,36
3691	8
3692	23,39,8,10
3693	1
3694	2,52
3695	3,52
3696	10,15
3697	26,14
3698	52
3699	31
3700	19,47
3701	52
3702	32,16
3703	18
3704	4,52
3705	44,29
3706	9
3707	52,5
3708	13
3709	12,30
3710	6
3711	52,15
3712	41,43
3713	7
3714	52
3715	32
3716	52,25,10
3717	33
3718	50
3719	29
3720	51
3721	18
3722	1
3723	2
3724	3,52,10
3725	52
3726	32,23
3727	8
3728	52
3729	40
3730	48,38,14
3731	19
3732	52
3733	36
3734	36,10
3735	4,20
3736	52
3737	52
3738	5
3739	8
3740	6
3741	52
3742	7
3743	11,15
3744	32
3745	19
3746	21
3747	26
3748	52
3749	10
3750	52,25,46
3751	34
3752	52,46
3753	1
3754	16,2
3755	3,20
3756	52,44
3757	32
3758	52
3759	22
3760	48,33,39
3761	52
3762	4
3763	50
3764	52
3765	49,5
3766	34
3767	10
3768	34,6
3769	52
3770	7
3771	23
3772	51
3773	52
3774	36,41
3775	51
3776	52
3777	12
3778	52,29
3779	45
3780	39
3781	50
3782	1,52
3783	2,52
3784	3,40
3785	12,13,15
3786	51
3787	10
3788	52
3789	49
3790	14
3791	19,52,11
3792	4,52
3793	45
3794	32
3795	5
3796	40
3797	10
3798	6
3799	32,52
3800	7,42
3801	37
3802	37
3803	40
3804	51,9
3805	49,24
3806	52
3807	15
3808	19,52
3809	52,21,12
3810	15
3811	9
3812	1,52
3813	2,52
3814	3
3815	49,14
3816	22
3817	37,22,25
3818	33,30
3819	39,30
3820	52
3821	16
3822	52
3823	4,52
3824	23
3825	12
3826	52,5
3827	49,26
3828	17,45
3829	6
3830	18
3831	38,7
3832	50,22
3833	19,15
3834	52,47
3835	28
3836	52
3837	31
3838	52
3839	32
3840	21,41,31
3841	49
3842	52
3843	15
3844	25
3845	1
3846	2,52
3847	3
3848	26
3849	52
3850	38
3851	52,23
3852	4
3853	11
3854	28,13
3855	18,52,15
3856	30
3857	52,5
3858	34,42
3859	6
3860	31
3861	52,7
3862	26
3863	52
3864	19
3865	51
3866	11
3867	25,28
3868	30
3869	11
3870	52
3871	34
3872	1
3873	2,15
3874	3,52
3875	52
3876	52
3877	20,21,47
3878	46
3879	22,44
3880	32,18,50
3881	47
3882	32,37
3883	33,51,11
3884	52
3885	4,52
3886	52
3887	20,5
3888	37
3889	6
3890	23
3891	7
3892	37,13
3893	52
3894	49,52
3895	10
3896	28
3897	49,19,52
3898	26
3899	42
3900	36
3901	30
3902	24
3903	1,37,41
3904	2
3905	3,39
3906	11
3907	52
3908	22,29
3909	49,52
3910	52
3911	46
3912	4
3913	52
3914	52
3915	22
3916	48
3917	18,5
3918	50,23
3919	21
3920	52,6
3921	31
3922	32
3923	7
3924	44
3925	52
3926	52
3927	9
3928	38,14
3929	30
3930	52,12
3931	52
3932	26
3933	50
3934	1
3935	2,40
3936	3,43
3937	52
3938	52
3939	42
3940	48
3941	40
3942	31
3943	45
3944	4,43,14
3945	52
3946	52,5
3947	48
3948	6
3949	47
3950	52,8
3951	7
3952	9,15
3953	12
3954	52
3955	50,39
3956	52
3957	37
3958	13
3959	52
3960	38
3961	11
3962	42
3963	28,45
3964	1
3965	2,35
3966	3,52
3967	52
3968	31
3969	17,28
3970	52
3971	51
3972	48
3973	50
3974	4,52
3975	17,28
3976	5
3977	42
3978	6
3979	52
3980	52,37,7
3981	52
3982	35
3983	49,52
3984	52
3985	35
3986	10
3987	51
3988	17,44
3989	35
3990	44
3991	31
3992	52
3993	21,46
3994	24
3995	1,19,38
3996	2
3997	3,11
3998	13
3999	52,22
4000	52
4001	52
4002	4
4003	23,40
4004	52,21
4005	5,23
4006	24
4007	26
4008	37
4009	52,6
4010	15
4011	52,7
4012	35,11
4013	47
4014	11
4015	52,36,42
4016	9
4017	41,46
4018	52,46
4019	42
4020	50
4021	52
4022	52
4023	1
4024	2
4025	32,3
4026	22
4027	48,35
4028	52
4029	9
4030	49
4031	16
4032	52
4033	52
4034	50,51,4
4035	26
4036	46
4037	9
4038	22
4039	52,5
4040	31
4041	6
4042	34,52
4043	33
4044	7
4045	52
4046	52
4047	18
4048	11
4049	27
4050	13
4051	48
4052	52,37
4053	34
4054	27
4055	1
4056	2
4057	3,52
4058	52
4059	48,41
4060	20,29
4061	4
4062	22
4063	52
4064	5
4065	25
4066	52,6
4067	39
4068	52
4069	30
4070	48,16,7
4071	52
4072	12
4073	52,36
4074	34,40,11
4075	16
4076	23,30
4077	32
4078	52
4079	50,21,30
4080	16
4081	1
4082	2
4083	3,47
4084	52,20
4085	25
4086	47
4087	52
4088	52
4089	29
4090	21
4091	26
4092	22
4093	29
4094	52
4095	4,44
4096	14
4097	52
4098	33,20
4099	33,17,5,12
4100	52
4101	52,6
4102	40
4103	44
4104	52,41
4105	7
4106	52
4107	16
4108	46
4109	25
4110	39
4111	1
4112	2,52
4113	3
4114	48
4115	25
4116	34,50
4117	11
4118	20
4119	52
4120	52
4121	50,52
4122	30
4123	35,52,23
4124	34,44
4125	4,21,23
4126	52
4127	5
4128	23
4129	22,25
4130	19,24
4131	52,6
4132	19
4133	52
4134	17,7
4135	52
4136	41
4137	24
4138	25
4139	40,44
4140	48
4141	52
4142	1
4143	2
4144	3
4145	35,52
4146	32
4147	19
4148	26,45
4149	47
4150	50,52
4151	32,31
4152	52
4153	4,29
4154	52
4155	20,5
4156	18,21
4157	6
4158	27
4159	52
4160	7
4161	52
4162	52
4163	28
4164	10
4165	32
4166	16,52
4167	9
4168	50
4169	13
4170	46
4171	8
4172	36,37
4173	50
4174	52
4175	1
4176	2,52
4177	3,52
4178	34,9
4179	10
4180	27,28
4181	39
4182	42
4183	16,15
4184	4
4185	41
4186	52,29
4187	52,5
4188	23,15
4189	52,6
4190	49
4191	49,45
4192	52,7
4193	49,38
4194	48
4195	18
4196	52,24
4197	52
4198	48,31
4199	9
4200	13
4201	42,11
4202	31
4203	52
4204	1,52
4205	2,51
4206	3,52
4207	45
4208	43
4209	18
4210	27
4211	33,44
4212	29
4213	46
4214	45
4215	4,52
4216	52
4217	52,13
4218	5
4219	17,12
4220	48,16,19
4221	6
4222	52,47
4223	19
4224	34
4225	7
4226	46
4227	52
4228	51
4229	25
4230	52
4231	1,42
4232	2
4233	3
4234	20
4235	52
4236	15
4237	52
4238	16,8,28,46
4239	52
4240	26,12
4241	16
4242	4,45
4243	24
4244	52
4245	5
4246	35
4247	46
4248	48,19
4249	52,6
4250	52,11
4251	32,7
4252	27
4253	12,46
4254	47
4255	49,17
4256	52
4257	52,12
4258	52,22
4259	49
4260	22
4261	41
4262	9
4263	15
4264	1,52,28
4265	2,52
4266	3
4267	52
4268	31
4269	41
4270	17
4271	49,21
4272	45
4273	11,45
4274	43
4275	4,52
4276	52
4277	38
4278	5
4279	52
4280	14
4281	46
4282	52,6
4283	26
4284	7
4285	52
4286	14
4287	52
4288	10
4289	32,50
4290	8
4291	34,52
4292	22
4293	11,29
4294	1
4295	2
4296	17,3,52
4297	17
4298	9
4299	11
4300	52
4301	27,47
4302	13
4303	52
4304	4,52
4305	39
4306	52,5
4307	12
4308	9
4309	6
4310	15
4311	52,7
4312	48
4313	29,13
4314	52
4315	14
4316	52
4317	34
4318	8
4319	17,12
4320	13
4321	52
4322	52
4323	42
4324	1,25
4325	2
4326	3,15
4327	48,25
4328	24
4329	52
4330	10
4331	15
4332	11
4333	9,28
4334	39
4335	4,52
4336	13
4337	30
4338	52,5
4339	52
4340	6
4341	42,29
4342	9
4343	52,7
4344	52,10
4345	34,8
4346	18,45
4347	52,27
4348	28
4349	16,40
4350	47
4351	39,8
4352	1
4353	2
4354	3,52
4355	49,52
4356	34,42
4357	52
4358	10
4359	26
4360	45
4361	52
4362	47
4363	11
4364	4,43
4365	33
4366	52
4367	5
4368	52,28
4369	6
4370	10,46
4371	16,35,23
4372	7
4373	52
4374	44
4375	52
4376	45
4377	52
4378	34,21
4379	49,36
4380	51
4381	1
4382	2
4383	3,52
4384	52
4385	42,30
4386	42,27,46
4387	8,47
4388	22
4389	52
4390	17
4391	50,4
4392	45
4393	52,5
4394	8,24
4395	6,29
4396	17
4397	7
4398	16,38,12
4399	52
4400	52
4401	8
4402	48
4403	9,26
4404	10
4405	52
4406	38
4407	33,52
4408	50
4409	16,52
4410	26
4411	1,52
4412	2
4413	17,3,45
4414	33
4415	31
4416	16,52,31
4417	24
4418	52,40
4419	46,30
4420	35
4421	4,52
4422	30
4423	52
4424	52,5
4425	20,40
4426	6,46
4427	51,43
4428	7
4429	30
4430	43
4431	34,15
4432	36,15
4433	25
4434	41
4435	48
4436	52
4437	52
4438	36,31
4439	45
4440	52
4441	52
4442	1,15
4443	2
4444	50,3
4445	40
4446	52,26
4447	34
4448	52,23
4449	10
4450	16,24
4451	52,37
4452	4
4453	16
4454	49
4455	52,5
4456	22
4457	6
4458	46
4459	7
4460	52
4461	52
4462	43
4463	10
4464	8
4465	40
4466	8
4467	17
4468	48
4469	52,9
4470	52
4471	1,35
4472	2,52
4473	3
4474	52
4475	22,38
4476	52,41
4477	12
4478	17,40
4479	34
4480	28,47
4481	20
4482	24
4483	4,52
4484	41,15
4485	52,37
4486	17,52
4487	5
4488	18,25
4489	6
4490	13
4491	11
4492	45
4493	7
4494	20
4495	52
4496	30
4497	52,25
4498	40
4499	34
4500	52,13
4501	14
4502	10,12
4503	16,1
4504	2
4505	3
4506	52,22
4507	41
4508	52
4509	52
4510	8
4511	15
4512	18
4513	52,36
4514	4,42,45
4515	50,39
4516	27
4517	5
4518	27
4519	52
4520	52,6
4521	50,36,25
4522	47
4523	46
4524	52,7
4525	33,18
4526	17
4527	41
4528	52,8
4529	52,37
4530	37
4531	52
4532	1,18,47
4533	2
4534	3,52
4535	40,46
4536	16
4537	8,13
4538	44
4539	34,52
4540	18
4541	32
4542	52
4543	21
4544	46
4545	4
4546	19,46
4547	52,5,40
4548	32
4549	16,22
4550	52,6
4551	16,52
4552	10,15
4553	52,7
4554	40
4555	16,46
4556	41
4557	52
4558	24
4559	21,44
4560	46
4561	10
4562	1,52
4563	2
4564	3,52
4565	34
4566	38,43
4567	52
4568	46
4569	16
4570	26
4571	52
4572	4
4573	32,24
4574	52
4575	15
4576	52,5
4577	9,43,28
4578	36,6
4579	22
4580	50,45
4581	21
4582	52,7
4583	26,29
4584	43
4585	30
4586	52
4587	52
4588	37,40,46
4589	10
4590	49
4591	1,52
4592	2
4593	3
4594	52
4595	27
4596	51
4597	33,45
4598	46
4599	52
4600	47
4601	52
4602	19,4
4603	30
4604	15
4605	52
4606	47
4607	5
4608	29
4609	52
4610	6
4611	24
4612	7
4613	24
4614	22
4615	18
4616	12
4617	39
4618	52,13
4619	52
4620	52
4621	52
4622	33,46
4623	51
4624	1,52
4625	2
4626	3,10
4627	26
4628	32,31
4629	33,52
4630	21
4631	4,52
4632	24
4633	46
4634	5
4635	43
4636	17
4637	52,6
4638	24
4639	26
4640	52,7
4641	52,21
4642	25
4643	9
4644	25
4645	45
4646	52
4647	11
4648	50,52
4649	19
4650	48
4651	13
4652	51
4653	25,47
4654	1,52
4655	2,12
4656	3
4657	52
4658	8
4659	20
4660	52
4661	30
4662	18
4663	52
4664	41,14
4665	4
4666	13
4667	5
4668	52
4669	37
4670	52
4671	6
4672	22
4673	52
4674	7
4675	31
4676	21
4677	39
4678	32
4679	52,14
4680	52
4681	1,45
4682	2
4683	3
4684	52
4685	52
4686	51,52
4687	28
4688	12
4689	10,47
4690	27,44
4691	4,45
4692	48
4693	37
4694	5
4695	26
4696	52,6
4697	40
4698	52
4699	52,7
4700	47
4701	52
4702	29
4703	37
4704	33,12
4705	52,46
4706	15
4707	51
4708	52
4709	22,9
4710	50,29
4711	8
4712	24
4713	52
4714	33
4715	1
4716	2
4717	3,52
4718	45
4719	39
4720	52,29
4721	4,52
4722	12
4723	5
4724	50,40
4725	52
4726	33,6
4727	52
4728	33,7,8
4729	16
4730	39,46
4731	46
4732	23
4733	10
4734	52
4735	50,21
4736	33,42
4737	26
4738	33,52
4739	52
4740	31
4741	52,39
4742	1
4743	2
4744	3
4745	28
4746	14
4747	52
4748	15
4749	52
4750	40
4751	52
4752	21,27
4753	44
4754	16,51
4755	4,23
4756	30
4757	5
4758	40
4759	52,6
4760	52
4761	52,27
4762	39
4763	7
4764	40
4765	44
4766	18
4767	52
4768	44
4769	43
4770	52
4771	30
4772	20
4773	29
4774	1
4775	2,52
4776	3
4777	16,29
4778	47
4779	52
4780	52,24,44
4781	33
4782	52
4783	33
4784	49
4785	4
4786	52
4787	52,5
4788	25
4789	39
4790	6,13
4791	18
4792	7
4793	52
4794	52
4795	50,29,31
4796	44
4797	52
4798	18,8
4799	49
4800	33
4801	1,52
4802	2,21
4803	3,52
4804	17,24,14
4805	52
4806	26
4807	27
4808	49
4809	10
4810	21,10
4811	26
4812	52,38
4813	11
4814	4,52
4815	23,24
4816	5,25
4817	48,9
4818	6
4819	52
4820	7
4821	15
4822	52
4823	8
4824	25
4825	41,27,45
4826	45
4827	50
4828	52
4829	52
4830	28
4831	26
4832	50,42
4833	52,22
4834	1,52
4835	2,50,28
4836	3
4837	52
4838	44
4839	13,31
4840	13
4841	15
4842	49
4843	19
4844	52
4845	4,26
4846	52
4847	21
4848	52,5
4849	33,31
4850	14
4851	6
4852	36
4853	52,43
4854	52,20,21
4855	38,7
4856	23,8
4857	15
4858	52,24,26
4859	21,25
4860	43,46
4861	1,50,35
4862	2,10,30
4863	3,12
4864	34,52
4865	52
4866	36,13
4867	25
4868	26
4869	32
4870	16,52
4871	52
4872	16
4873	4
4874	32
4875	52,5
4876	39
4877	6
4878	52
4879	41
4880	7
4881	42
4882	13
4883	30
4884	22
4885	52
4886	34,52
4887	44
4888	23
4889	40
4890	52
4891	17,52
4892	39
4893	16,21
4894	46
4895	1,52
4896	2
4897	3,37,38
4898	21
4899	23,42
4900	52
4901	11
4902	4,15
4903	47
4904	52,5
4905	48,12
4906	6
4907	52
4908	52,7
4909	46,31
4910	9,28
4911	48,49
4912	8
4913	17
4914	23
4915	52
4916	52,14
4917	35
4918	52
4919	44
4920	17,29
4921	19
4922	39,44
4923	22
4924	1
4925	2,52
4926	49,3,51
4927	52
4928	45
4929	52
4930	51
4931	16,52,25
4932	41
4933	42
4934	4
4935	47
4936	52,41
4937	36
4938	5
4939	21,14
4940	52
4941	52,6
4942	33,47
4943	7
4944	28,45
4945	31
4946	17,52
4947	17,41
4948	29
4949	32,21,24
4950	52
4951	1
4952	2,52
4953	3,24
4954	25,47
4955	52
4956	30
4957	11
4958	34,39
4959	19
4960	52
4961	21
4962	17,28
4963	26,43
4964	4,52
4965	42,12,28
4966	5
4967	35
4968	52,6
4969	52,30
4970	8
4971	7,23
4972	42
4973	33
4974	52
4975	19
4976	48,11
4977	52
4978	18,8
4979	39
4980	52,44
4981	34,52
4982	29
4983	17
4984	47
4985	1,52
4986	2
4987	3
4988	37,45
4989	52
4990	26
4991	4,52
4992	15
4993	32,52,5
4994	16,13
4995	6,39
4996	52
4997	7,39
4998	8
4999	33,25
5000	29
5001	9
5002	52
5003	34,20
5004	38,44
5005	30
5006	45
5007	52
5008	17
5009	10
5010	52
5011	24,27,11
5012	52
5013	1,17,24
5014	2
5015	3
5016	52,14
5017	48
5018	31
5019	31
5020	52
5021	52
5022	19,20
5023	4
5024	52
5025	52,5
5026	50,51,31
5027	35,6
5028	24
5029	17,22
5030	7,29
5031	35,37,27
5032	9
5033	40
5034	33
5035	26
5036	52
5037	52
5038	10
5039	43
5040	52
5041	1,39
5042	2
5043	3,52
5044	37,38,22
5045	42
5046	26
5047	34,20
5048	49,23
5049	52
5050	48,52
5051	22,14
5052	39
5053	33,43
5054	19,4
5055	43
5056	52,5
5057	9
5058	51,52,25
5059	13
5060	52,6
5061	21,11
5062	16,52
5063	29
5064	7,27
5065	52
5066	25
5067	19,52
5068	29
5069	44,14,47
5070	28
5071	50,19
5072	25
5073	1,52
5074	2,52
5075	3,26,46
5076	20
5077	21
5078	52
5079	16
5080	13
5081	50
5082	16,9,25
5083	4,52
5084	22
5085	5
5086	46
5087	41
5088	52,6
5089	50
5090	52
5091	7
5092	49
5093	11
5094	29
5095	52,37,41
5096	43,44
5097	38
5098	52
5099	52
5100	43,31
5101	32,35
5102	11
5103	1,52
5104	2,52
5105	3
5106	34
5107	52
5108	23
5109	48
5110	31
5111	16
5112	32,11
5113	4,52
5114	42
5115	5,27
5116	52
5117	23,24,30
5118	6
5119	35
5120	52
5121	21
5122	7
5123	33,24
5124	22
5125	52,40
5126	48,18
5127	16
5128	52
5129	50,52,37,10
5130	15
5131	14
5132	52,30
5133	30
5134	52
5135	1
5136	2
5137	3,42
5138	52
5139	48,11
5140	20,11
5141	4,41,43,47
5142	16,38
5143	52
5144	52,5
5145	20
5146	6
5147	17,51
5148	52,7
5149	19,25
5150	51
5151	14
5152	52
5153	38
5154	30
5155	52
5156	52
5157	31
5158	48,31
5159	16,39
5160	35
5161	52
5162	1,52
5163	2
5164	3
5165	33,8
5166	30
5167	35,11
5168	52
5169	16
5170	26,45
5171	40
5172	4
5173	22
5174	5,44
5175	22
5176	52
5177	52
5178	6
5179	52
5180	7
5181	24,25,29
5182	46
5183	35
5184	52,24
5185	52,22
5186	52
5187	13
5188	40
5189	25,14
5190	40,12
5191	26
5192	42
5193	1
5194	2
5195	3,52
5196	52
5197	43,47
5198	51,52
5199	49
5200	22
5201	52
5202	22
5203	18,4
5204	38
5205	5
5206	40,42
5207	50
5208	52
5209	6
5210	52
5211	52
5212	19,44
5213	7
5214	19
5215	38
5216	34
5217	52
5218	52
5219	49,42,47
5220	27
5221	52
5222	52,28
5223	1,20
5224	49,2
5225	3
5226	46
5227	50
5228	15
5229	52
5230	23,28
5231	10,42,29
5232	46
5233	48,52,12
5234	52
5235	4
5236	23
5237	5
5238	38
5239	35,52,40
5240	6
5241	35
5242	7
5243	52,36
5244	44
5245	52
5246	33
5247	11,29
5248	52
5249	29
5250	40
5251	1,41
5252	2,31
5253	3
5254	48
5255	35
5256	52
5257	52
5258	52
5259	8
5260	33,34
5261	4,52
5262	43
5263	5
5264	15
5265	52,6
5266	26
5267	7
5268	52
5269	35
5270	40
5271	52
5272	32
5273	44
5274	43
5275	52,9
5276	12
5277	52
5278	24
5279	40
5280	34,42
5281	33
5282	52
5283	34
5284	1
5285	2
5286	3,52
5287	31
5288	52
5289	8
5290	36,41
5291	50
5292	52,20
5293	43
5294	20,26
5295	4,52
5296	26
5297	11
5298	5
5299	52
5300	20,6
5301	25,47
5302	7
5303	19,52
5304	41
5305	22,38
5306	52
5307	11
5308	43
5309	52
5310	14
5311	32
5312	46
5313	48,29
5314	1,41
5315	2,52
5316	3,52
5317	25
5318	9,14
5319	34
5320	52
5321	18,52
5322	19,27,15
5323	13
5324	4
5325	25,10
5326	12
5327	51
5328	52,5
5329	52
5330	6,30
5331	47
5332	14
5333	7
5334	25
5335	33
5336	51,52
5337	52,14
5338	52,40
5339	22,10
5340	16,23
5341	1
5342	2,52
5343	3
5344	39
5345	38
5346	52,23
5347	23,13
5348	46
5349	48,23
5350	52,29,31
5351	4
5352	52
5353	5,14
5354	26
5355	6,13
5356	52
5357	52
5358	7,12
5359	19
5360	41
5361	38
5362	19,52
5363	52,28
5364	10
5365	14
5366	25,15
5367	32,52,31
5368	48,35
5369	26
5370	38,40,10
5371	1
5372	2
5373	3,52
5374	10
5375	25
5376	39
5377	52,43
5378	42
5379	13
5380	52
5381	32,13
5382	42
5383	20,38,15
5384	4
5385	19,46
5386	16,52
5387	9,10
5388	52,5
5389	52
5390	6
5391	52
5392	32,7
5393	48,52,11
5394	18
5395	52
5396	22,30
5397	43
5398	18
5399	42
5400	20
5401	19
5402	1,52
5403	2
5404	3,47
5405	12
5406	49
5407	52
5408	18
5409	30
5410	52
5411	23,42
5412	4
5413	52
5414	5,31
5415	52
5416	34,6,42
5417	21
5418	29
5419	52,31
5420	7
5421	33,52
5422	36
5423	32
5424	19,52
5425	26
5426	24
5427	52
5428	29
5429	18,8,13
5430	11
5431	9
5432	1,52
5433	2
5434	3
5435	26
5436	34
5437	49,38
5438	52
5439	52
5440	48
5441	20,10
5442	4
5443	52,15
5444	34,43,28
5445	52,5
5446	52,29,31
5447	23,13
5448	6
5449	36
5450	7
5451	32
5452	52
5453	32,10
5454	52,29
5455	39
5456	52
5457	26
5458	37,26
5459	27,29
5460	31
5461	8
5462	26
5463	1,52
5464	2,14
5465	3
5466	52
5467	52,43
5468	20
5469	20
5470	30
5471	49,22
5472	4
5473	52
5474	9
5475	52,5
5476	22
5477	34,37,15
5478	52,6
5479	24
5480	39
5481	52,7
5482	26
5483	38,11
5484	16
5485	52
5486	52
5487	16
5488	29,46
5489	19
5490	30
5491	43
5492	1
5493	2,52
5494	3,52
5495	35
5496	30
5497	52
5498	14
5499	27
5500	16,19
5501	50,8,29
5502	52,23
5503	4
5504	42
5505	52,5
5506	52
5507	43
5508	6,22
5509	40,26
5510	7,26
5511	52
5512	19
5513	41
5514	28
5515	28
5516	52
5517	23
5518	52,36
5519	8
5520	22
5521	45
5522	48
5523	1,52
5524	32,2,52
5525	3
5526	39,13
5527	49
5528	52
5529	30
5530	41
5531	52,47
5532	36
5533	52
5534	4,52
5535	42
5536	5
5537	28
5538	6,43
5539	40
5540	7
5541	38
5542	52
5543	27
5544	48
5545	52
5546	21
5547	52
5548	49
5549	49,42
5550	44,46
5551	1,52
5552	2,52
5553	3
5554	52
5555	11
5556	10
5557	23
5558	16
5559	18,12
5560	37
5561	52
5562	4,21,28
5563	39,12
5564	52,5
5565	32,35
5566	6
5567	10,46
5568	20
5569	7
5570	52,27
5571	37
5572	35
5573	50
5574	17,47
5575	52
5576	18,52
5577	43
5578	24
5579	46
5580	52,42,45
5581	8
5582	52
5583	48,1
5584	2,52
5585	3,52
5586	30
5587	19
5588	48,19
5589	49
5590	16
5591	4,52
5592	49,43
5593	46
5594	18,5
5595	31
5596	6
5597	14
5598	52,7
5599	52
5600	8
5601	11
5602	20,36,47
5603	22
5604	15
5605	51
5606	52
5607	52
5608	28
5609	41,31
5610	52
5611	1
5612	2,52
5613	3
5614	45
5615	32,25
5616	8
5617	52
5618	24,10
5619	33
5620	52
5621	52
5622	46
5623	34,51
5624	4
5625	11
5626	13
5627	52
5628	52,5
5629	23
5630	6
5631	52,36
5632	52,7
5633	33,13
5634	52
5635	28,47
5636	32,9,11
5637	37,12
5638	28
5639	30
5640	13
5641	8,45
5642	52
5643	37,41
5644	37
5645	1
5646	2
5647	3,52
5648	37,46
5649	52
5650	30
5651	30
5652	23
5653	9
5654	4
5655	17,52
5656	16
5657	52
5658	52,5
5659	13
5660	19,21
5661	6
5662	34
5663	28
5664	32,52,43
5665	52,7
5666	28
5667	47
5668	52
5669	41,14
5670	11
5671	52
5672	48
5673	8
5674	25
5675	1
5676	2
5677	3
5678	28
5679	52
5680	52
5681	26
5682	52
5683	4
5684	41
5685	52,5
5686	15
5687	11
5688	6,9
5689	50,13
5690	52
5691	7
5692	52
5693	52
5694	22
5695	12
5696	38
5697	29,14
5698	18
5699	52
5700	17,22,31
5701	24
5702	13
5703	1,52
5704	2,52
5705	3,52
5706	35
5707	48,41
5708	45
5709	36
5710	33,17
5711	4
5712	14
5713	52,5
5714	10
5715	20
5716	6
5717	22
5718	52,7
5719	52
5720	45
5721	29
5722	16
5723	15
5724	52,11
5725	14
5726	52
5727	22,30
5728	37,40
5729	52
5730	45
5731	52,45
5732	26
5733	47
5734	1,52
5735	2
5736	16,3,52,29
5737	25
5738	28
5739	46
5740	39
5741	28
5742	12
5743	40
5744	52,10
5745	4
5746	52
5747	52
5748	42
5749	36
5750	36,5
5751	24,28
5752	6
5753	40
5754	52,7
5755	52
5756	39
5757	52,23
5758	43
5759	8,46
5760	35
5761	1
5762	2,52
5763	3
5764	38
5765	38
5766	16
5767	22
5768	52
5769	32,52
5770	16
5771	48,20
5772	52
5773	52
5774	41
5775	4,41
5776	49
5777	5
5778	24
5779	22,28,12
5780	52
5781	6,45
5782	51
5783	7,8
5784	38
5785	52
5786	33,40
5787	42
5788	52
5789	45
5790	52
5791	45
5792	38
5793	52
5794	52
5795	1
5796	2,52
5797	3
5798	36
5799	37
5800	38
5801	35
5802	52,38,8
5803	8,25
5804	52,38
5805	50,4
5806	18,30
5807	5
5808	11
5809	52
5810	6,41
5811	52
5812	52,7
5813	52
5814	24
5815	39
5816	10,30
5817	11
5818	22
5819	20,22,28
5820	33,14
5821	25
5822	23
5823	1,52
5824	2,52
5825	3,52
5826	19
5827	38
5828	22
5829	29,31
5830	32,33,38
5831	4,52
5832	37
5833	5
5834	52
5835	52
5836	6
5837	48,46
5838	7
5839	24
5840	18,20
5841	13
5842	19
5843	52
5844	43
5845	34,52
5846	26,28
5847	51
5848	10
5849	38
5850	52
5851	16,51
5852	1,52
5853	2,34,11
5854	3,23
5855	21,9,13
5856	16
5857	12
5858	50
5859	52,38
5860	52,27
5861	41
5862	4
5863	52
5864	52,5
5865	36
5866	48
5867	6,23
5868	19,31
5869	7,39
5870	52
5871	52,27
5872	19
5873	15
5874	24,13
5875	52
5876	37,25
5877	48,49,38
5878	52,23
5879	25
5880	39,8,41
5881	21,28
5882	29
5883	43
5884	1,52
5885	2
5886	3
5887	52,29
5888	35,21
5889	42
5890	52,14
5891	52,8
5892	4
5893	52
5894	5
5895	18,23,41
5896	48,6,30
5897	52,43
5898	47
5899	7
5900	25
5901	52
5902	52
5903	11,15
5904	9
5905	32,52
5906	22
5907	35,22
5908	22
5909	51
5910	33
5911	23
5912	1,52
5913	49,2,51
5914	3,52
5915	34
5916	52,28
5917	44,28
5918	19,40,28
5919	44
5920	12
5921	52
5922	45
5923	52
5924	29
5925	4
5926	39,24,12
5927	5
5928	45
5929	6
5930	52
5931	52,7
5932	52
5933	49
5934	52
5935	48,15
5936	20
5937	39,27
5938	38
5939	18
5940	50
5941	1
5942	2
5943	3
5944	39
5945	21,46
5946	52,46
5947	52
5948	52
5949	17,36
5950	15
5951	47
5952	50,52,30
5953	39,24,44
5954	52
5955	4
5956	19,15
5957	52,5
5958	19,25
5959	26,44
5960	6
5961	52
5962	9
5963	7
5964	25,46
5965	52
5966	10
5967	52
5968	35
5969	29
5970	33,40,15
5971	52,10
5972	1
5973	2,52
5974	3
5975	13
5976	32,19
5977	42
5978	8,31
5979	52
5980	32
5981	4,39
5982	52
5983	52,5
5984	47
5985	48,27
5986	26
5987	6
5988	52
5989	45
5990	32,23
5991	52
5992	7
5993	50
5994	38,26
5995	24
5996	48
5997	52
5998	19,40
5999	17,14
6000	52
6001	52
6002	39
6003	1
6004	2,52
6005	34,3,47
6006	52
6007	36,12
6008	35
6009	19,31
6010	17
6011	52
6012	41
6013	4,22
6014	33
6015	34,24
6016	32
6017	52,5
6018	42
6019	6
6020	52
6021	51,19
6022	52
6023	7
6024	52
6025	25
6026	24,14
6027	32,52
6028	15
6029	27,28
6030	8
6031	52,28
6032	12
6033	20,27,31
6034	1
6035	2,47
6036	17,3
6037	24
6038	29
6039	52,27
6040	52
6041	52,23
6042	4,11
6043	49,52,11
6044	37
6045	52,5
6046	43
6047	24
6048	6
6049	22,29
6050	20,24
6051	17,7
6052	28
6053	52
6054	20
6055	48,52
6056	52
6057	42
6058	16,26
6059	35
6060	13
6061	37,42
6062	1
6063	2,52
6064	3
6065	52
6066	52
6067	16
6068	49
6069	34
6070	47
6071	52,39
6072	48,41
6073	4
6074	14
6075	52,5
6076	50
6077	20,24
6078	52,42
6079	6,23,13
6080	21
6081	27
6082	7
6083	52
6084	52
6085	24
6086	33,51
6087	50
6088	10
6089	52
6090	10
6091	22,31
6092	52,40
6093	37,8
6094	1,52
6095	2,45
6096	3
6097	32,48
6098	20
6099	50,9
6100	52
6101	50
6102	52
6103	20
6104	4
6105	33
6106	5
6107	41
6108	52
6109	52,6
6110	33
6111	52,25
6112	7
6113	52
6114	12
6115	18,28
6116	45
6117	32,19,25
6118	26
6119	52
6120	15
6121	1
6122	2,52
6123	18,3
6124	52
6125	34
6126	48
6127	14
6128	34,52
6129	16
6130	47
6131	4,52
6132	9
6133	5
6134	49,46
6135	6
6136	52,45
6137	33,7,42
6138	34
6139	25
6140	52
6141	33,20,42
6142	33,52
6143	52
6144	52,11
6145	35
6146	48,11
6147	43
6148	36,9
6149	28
6150	43
6151	35
6152	51,52,11,28
6153	1
6154	2,43
6155	3
6156	52
6157	52
6158	38
6159	17
6160	8
6161	4
6162	52,43
6163	5,39
6164	25
6165	33,6
6166	31
6167	52
6168	51
6169	52,7
6170	14,15
6171	11
6172	50,43
6173	15
6174	25
6175	52,47
6176	15
6177	20
6178	52,22
6179	20,38,47
6180	52
6181	52
6182	41,10
6183	16,52,47
6184	34
6185	1,31
6186	2
6187	3
6188	38
6189	48,45
6190	52,31
6191	4,8,45
6192	52
6193	5,15
6194	52
6195	41
6196	43,28
6197	6
6198	27
6199	16,52
6200	18,7
6201	18
6202	49,20
6203	52,40
6204	11
6205	52
6206	15
6207	29
6208	49
6209	25
6210	52
6211	52
6212	52
6213	36,43
6214	8
6215	1,52
6216	2,23
6217	3
6218	35,21
6219	23,14
6220	24
6221	19,52
6222	4
6223	25
6224	52,5
6225	16
6226	18
6227	52,6
6228	31
6229	19
6230	7
6231	18,51
6232	42
6233	52
6234	52
6235	48
6236	34
6237	52,39
6238	50
6239	9,14,31
6240	38,15
6241	37,31
6242	1
6243	2
6244	3
6245	52
6246	52
6247	52,36
6248	8
6249	29
6250	47
6251	18
6252	52
6253	4,52
6254	13
6255	5
6256	52
6257	6
6258	48,35,14
6259	7
6260	24
6261	52
6262	52
6263	43
6264	13
6265	39
6266	27
6267	52
6268	33
6269	37
6270	34,23
6271	50
6272	23
6273	52,37,28
6274	1
6275	2,52
6276	3
6277	26
6278	52,43
6279	10
6280	45
6281	21
6282	8
6283	4
6284	19,40,46
6285	31
6286	35,42,31
6287	52,5
6288	52
6289	50
6290	52,6
6291	18
6292	7
6293	25
6294	28
6295	52
6296	36,25
6297	52
6298	8
6299	52
6300	21
6301	52
6302	48
6303	46
6304	24
6305	1,52
6306	2,52,23
6307	3
6308	9
6309	8
6310	24,43
6311	4,52
6312	32,20,47
6313	33
6314	19,5
6315	24,29
6316	52,6
6317	44
6318	7
6319	52
6320	16
6321	52,38
6322	17,25
6323	18,40
6324	47
6325	52
6326	38
6327	13
6328	9
6329	16,18
6330	52
6331	21
6332	52
6333	52
6334	52
6335	1
6336	2
6337	3
6338	39
6339	29
6340	48
6341	38,31
6342	4
6343	16,52
6344	18
6345	52
6346	20,5
6347	51
6348	52,41
6349	28
6350	6
6351	52
6352	7
6353	33
6354	15
6355	12
6356	30
6357	39
6358	52
6359	52,37
6360	13,47
6361	29
6362	47
6363	1
6364	2,52
6365	16,3,28
6366	39
6367	25
6368	52
6369	19
6370	52
6371	47
6372	52
6373	26,42
6374	4,52
6375	16
6376	19,39
6377	8,40
6378	5
6379	52,11
6380	25,46
6381	6,31
6382	25
6383	52,7
6384	52
6385	23
6386	45
6387	17,52
6388	49
6389	9
6390	25
6391	1
6392	2
6393	3
6394	48,17
6395	37,25
6396	50,19
6397	52
6398	52,25
6399	52
6400	26
6401	31
6402	35,52
6403	4
6404	38
6405	5,29
6406	39
6407	6
6408	52
6409	52,21
6410	7
6411	52,44
6412	52
6413	27
6414	49
6415	40
6416	9,13
6417	45
6418	52
6419	10
6420	17
6421	1,27
6422	2,13
6423	3
6424	52,43
6425	16,42,47
6426	52,10
6427	43
6428	13
6429	20,10
6430	52
6431	4,52
6432	25,44,30
6433	52,24
6434	50
6435	29
6436	18,5
6437	14
6438	52
6439	6
6440	33
6441	52
6442	18,7,46
6443	37
6444	52,22
6445	24
6446	23
6447	52
6448	23
6449	34,25,46
6450	45
6451	35,47
6452	37,15
6453	52
6454	45
6455	1,52
6456	2
6457	3,12
6458	52
6459	10
6460	25,27
6461	52
6462	21,38
6463	42,47
6464	4,52
6465	24
6466	5,9,29
6467	52
6468	6,29
6469	14
6470	7,29
6471	26
6472	29
6473	49
6474	44
6475	52
6476	52
6477	33,39
6478	42
6479	52
6480	17,39
6481	1,52
6482	2,44
6483	3
6484	39,43
6485	29
6486	52
6487	34
6488	52
6489	17,23
6490	40
6491	4,23
6492	52
6493	12,31
6494	5
6495	52
6496	34
6497	52
6498	6,24
6499	23,25
6500	7
6501	52
6502	12
6503	34,26
6504	52
6505	21
6506	52
6507	51,25
6508	9
6509	9
6510	47
6511	51,15
6512	52
6513	1
6514	2
6515	3,40
6516	34
6517	52,42
6518	15
6519	52
6520	30
6521	4
6522	50,13
6523	31
6524	5,10
6525	52,13
6526	52
6527	52
6528	6
6529	32,10
6530	21,7
6531	31
6532	8
6533	14
6534	52
6535	18
6536	47
6537	52
6538	50,52
6539	17
6540	31
6541	48,29
6542	22,26
6543	1
6544	2
6545	3
6546	37,40
6547	42,15
6548	52,24
6549	52
6550	52
6551	38
6552	19,52
6553	4,52
6554	8
6555	5
6556	34
6557	25,46
6558	52,6
6559	51,43
6560	7
6561	52
6562	21
6563	49
6564	52,21
6565	26
6566	51,14
6567	21
6568	52
6569	10
6570	32
6571	36
6572	1
6573	2
6574	3
6575	52
6576	23,9
6577	32,52
6578	41
6579	48,37
6580	52
6581	4
6582	49
6583	51,5
6584	45
6585	6
6586	33,45
6587	52
6588	34,7
6589	52,8
6590	52
6591	52
6592	13
6593	18
6594	23,29
6595	11
6596	18
6597	40
6598	14
6599	52,21
6600	52
6601	11
6602	46,47
6603	28,47
6604	9
6605	1,52
6606	2
6607	3,37
6608	52
6609	52
6610	11
6611	4
6612	21
6613	52,5
6614	48,51,52
6615	27
6616	49,38
6617	6
6618	52
6619	7
6620	28
6621	31
6622	41
6623	28
6624	30
6625	48,52
6626	29
6627	8
6628	52
6629	52
6630	23,29
6631	1,52
6632	2
6633	3,10
6634	49
6635	42
6636	36,9
6637	52
6638	26,14
6639	12
6640	52
6641	52
6642	52
6643	4,52
6644	50,29
6645	11
6646	34
6647	5
6648	16
6649	6,22
6650	34
6651	49,39
6652	7
6653	12,44
6654	52
6655	18,52
6656	32
6657	24
6658	52,30
6659	18,37
6660	47
6661	1,10
6662	2
6663	3
6664	52
6665	21
6666	20,29
6667	52,27
6668	52
6669	22
6670	38
6671	4
6672	16,14
6673	52,5
6674	52
6675	48,19
6676	6,46
6677	31
6678	7
6679	49
6680	16,52
6681	32,8
6682	52
6683	52
6684	34,14
6685	49
6686	52,44
6687	8,15
6688	48
6689	14
6690	48
6691	14
6692	1
6693	2
6694	3,52
6695	52,24,12
6696	24
6697	17
6698	52
6699	25
6700	48
6701	52
6702	12
6703	23
6704	44
6705	4,39,30
6706	27,31
6707	52
6708	5
6709	50,8
6710	52,6
6711	37,9
6712	52,7
6713	52
6714	16
6715	38
6716	38,47
6717	8
6718	48
6719	8,42
6720	52
6721	39,26,30
6722	25
6723	14
6724	1
6725	2,52
6726	32,3,52
6727	32,29
6728	15
6729	42
6730	52
6731	52,25
6732	43
6733	4,21
6734	48,52,41
6735	34,5
6736	39
6737	6
6738	37
6739	52,7
6740	28
6741	22,8
6742	49,52
6743	19,40
6744	35
6745	40
6746	28,13,14
6747	52
6748	23
6749	35,45
6750	52
6751	12
6752	49
6753	17,24
6754	1
6755	2,52
6756	3
6757	52
6758	20
6759	52
6760	42
6761	42
6762	31
6763	10
6764	14
6765	4
6766	15
6767	52,5
6768	52
6769	35,52,10
6770	6
6771	43
6772	7
6773	17
6774	52
6775	26
6776	8
6777	52,39
6778	27
6779	52,36
6780	18,27
6781	34
6782	18
6783	1
6784	48,2,20
6785	3,52
6786	42,27
6787	52
6788	50
6789	52
6790	49
6791	4,52
6792	33
6793	5,15
6794	12,47
6795	52,22
6796	52,6
6797	47
6798	7,47
6799	21
6800	41
6801	42
6802	21
6803	12
6804	45
6805	52
6806	43
6807	26
6808	52
6809	35
6810	51,52
6811	1
6812	2
6813	3,39,11
6814	34
6815	34
6816	14
6817	31
6818	52
6819	51,52,28
6820	52
6821	32
6822	34
6823	21,41
6824	4
6825	52
6826	52
6827	52,5
6828	20
6829	6,40
6830	31
6831	17
6832	52,7
6833	52
6834	52,20,43
6835	34,36
6836	24,28
6837	29
6838	26
6839	39
6840	17
6841	50,24
6842	23
6843	1
6844	2,22
6845	3,52
6846	32,29
6847	40
6848	22,23
6849	52,13
6850	52,24
6851	39
6852	16,24
6853	34
6854	35,28
6855	4
6856	52
6857	52
6858	48,52,5
6859	41
6860	24
6861	6
6862	23
6863	7
6864	41
6865	52
6866	52
6867	28
6868	25,46
6869	52
6870	25
6871	23
6872	46
6873	52
6874	48
6875	1,38
6876	2,52
6877	3,42
6878	39
6879	34
6880	52
6881	52
6882	9
6883	36
6884	11
6885	4,52
6886	52,29
6887	16,39
6888	5
6889	17
6890	31
6891	17
6892	52,6
6893	32
6894	7,28
6895	51,21
6896	20,9
6897	19
6898	52
6899	32,52
6900	35,42
6901	48
6902	52
6903	23
6904	49,38,15
6905	1
6906	2
6907	3,47
6908	32,27
6909	16,52
6910	52
6911	4,52
6912	17
6913	23,28
6914	5
6915	17
6916	52,6
6917	42
6918	49,52
6919	7,46
6920	24
6921	52,43
6922	32,42
6923	16,18
6924	52
6925	16
6926	34
6927	18
6928	27
6929	27
6930	52
6931	17,20
6932	19,23,46
6933	1
6934	2
6935	3
6936	27
6937	20
6938	52
6939	52,10
6940	52
6941	18,40,15
6942	13
6943	4,52
6944	46
6945	52
6946	52,5,39
6947	9
6948	16,6
6949	42,47
6950	7,45
6951	52,13
6952	26
6953	18,34,38
6954	50
6955	52,37,27
6956	31
6957	8,41
6958	50
6959	38
6960	52,25
6961	20
6962	8,31
6963	52
6964	52
6965	1,8
6966	2,21,8
6967	3
6968	52
6969	30
6970	20,40,43
6971	24
6972	4
6973	47
6974	5,26
6975	33
6976	17,6
6977	49
6978	52,7
6979	52
6980	52,11
6981	8
6982	52
6983	25
6984	22,43
6985	40
6986	16,33,52
6987	52
6988	36,23
6989	40
6990	19
6991	34
6992	52,22
6993	26
6994	1,38
6995	2,52
6996	3
6997	22
6998	52,42
6999	33
7000	12
7001	52,10,13
7002	21
7003	22,14
7004	4,52
7005	52
7006	8
7007	30,15
7008	51,5
7009	34,51
7010	6
7011	22,24
7012	37,7
7013	46
7014	52
7015	12
7016	22
7017	23
7018	52,40
7019	52
7020	18,29
7021	52
7022	1,39
7023	2,52
7024	3
7025	52
7026	35,14
7027	22,24,31
7028	16,20
7029	22
7030	17
7031	44
7032	37,38
7033	52
7034	4
7035	14
7036	21
7037	52,8
7038	52,5
7039	19,30
7040	42
7041	35
7042	6
7043	11
7044	16,11
7045	7,43
7046	52,36
7047	52
7048	41
7049	28
7050	52
7051	1
7052	2,52
7053	3,15
7054	52
7055	43
7056	37
7057	35
7058	15
7059	32,16,52
7060	33
7061	31
7062	52
7063	17,12
7064	34
7065	4
7066	48
7067	5
7068	52,11
7069	52,36
7070	6
7071	38,8
7072	9
7073	7
7074	52
7075	52
7076	52,15
7077	45
7078	40
7079	45
7080	33,17,28
7081	30
7082	34
7083	52,46
7084	1
7085	2
7086	3,8
7087	50,25
7088	37
7089	52
7090	52
7091	33
7092	4,52
7093	15
7094	52
7095	52,5
7096	38,15
7097	42
7098	6
7099	9
7100	45
7101	21,43
7102	8
7103	7
7104	42
7105	42
7106	52
7107	52
7108	18,31
7109	52
7110	31
7111	47
7112	51,52
7113	52
7114	44
7115	1
7116	49,2
7117	3
7118	35,36
7119	52
7120	40,41
7121	4,40
7122	18,52,13
7123	43
7124	5,24,15
7125	28
7126	6
7127	49,52
7128	7
7129	23
7130	32,52
7131	33,28
7132	21
7133	22
7134	9,46
7135	52
7136	48
7137	41
7138	52
7139	46
7140	52,45,47
7141	1,21,31
7142	2
7143	3,52
7144	36
7145	49
7146	49,31
7147	48,52
7148	16
7149	52
7150	39,15
7151	52
7152	4,27
7153	24
7154	50,5,37
7155	12
7156	50,6
7157	21
7158	26,45
7159	52,7
7160	52,41,43
7161	48
7162	51,39
7163	40
7164	12
7165	52
7166	48,51,52
7167	52
7168	12
7169	49,14
7170	26
7171	1
7172	2
7173	3,52
7174	19
7175	30
7176	25,26
7177	52
7178	52,11
7179	23,13
7180	25
7181	52
7182	12
7183	52
7184	4
7185	8
7186	13
7187	5,14,31
7188	17,49
7189	51
7190	52,6,9
7191	41,29
7192	52,7
7193	49,26,42
7194	52
7195	42
7196	12
7197	26,29
7198	52
7199	30
7200	30
7201	1,52
7202	2
7203	3,52
7204	42
7205	12
7206	16,44
7207	47
7208	33
7209	20,38
7210	52,28
7211	4
7212	28
7213	5,46
7214	52
7215	6,47
7216	9,13
7217	32,7
7218	52
7219	16,50,51,52
7220	17
7221	43
7222	52
7223	52
7224	34
7225	48
7226	19
7227	48,27
7228	17
7229	22
7230	52
7231	23,30
7232	1
7233	2,52
7234	3,52
7235	52
7236	36,31
7237	31
7238	45
7239	22,30
7240	24
7241	28
7242	30
7243	20
7244	4,52
7245	51
7246	5
7247	52
7248	6
7249	52
7250	51,45
7251	52,7
7252	25
7253	41
7254	52
7255	49,24
7256	44
7257	18
7258	41
7259	52,15
7260	10
7261	31
7262	42
7263	18
7264	1,31
7265	2,52
7266	3
7267	52
7268	52
7269	41
7270	28
7271	4
7272	17,8,42
7273	52,5
7274	23,15
7275	52
7276	14
7277	6,23
7278	47
7279	52,7
7280	49
7281	47
7282	17,39
7283	52
7284	12
7285	16,33
7286	32,45
7287	52
7288	39,24
7289	30
7290	52
7291	18,36
7292	27
7293	38
7294	1,46
7295	2,52
7296	3
7297	52
7298	30
7299	33
7300	52
7301	28
7302	21
7303	4
7304	32
7305	41
7306	52
7307	5
7308	52
7309	33
7310	52
7311	52,6
7312	30
7313	7
7314	17,22,13
7315	47
7316	9
7317	52
7318	26
7319	49,28
7320	52
7321	52
7322	41
7323	1
7324	2,18
7325	3
7326	18
7327	29
7328	10
7329	52
7330	52
7331	4
7332	27,29
7333	52,5
7334	16,42
7335	6
7336	16
7337	11
7338	52,7
7339	52,14
7340	30
7341	33
7342	43
7343	52
7344	15
7345	52
7346	48,30
7347	52
7348	17
7349	42
7350	40,44
7351	1
7352	2
7353	3
7354	50
7355	18
7356	43,45
7357	52
7358	11
7359	52
7360	52,14
7361	4,52
7362	52
7363	5,29
7364	48
7365	6,43
7366	9
7367	52
7368	13
7369	24,26
7370	48,7
7371	18
7372	19,52,14
7373	12
7374	52
7375	9
7376	23,27,30
7377	20,25
7378	30
7379	52,45
7380	44
7381	1
7382	2,52
7383	3,52
7384	29
7385	11
7386	48
7387	52,22
7388	48,11
7389	25
7390	24
7391	17
7392	22
7393	4,42
7394	51,28,30
7395	5
7396	41
7397	52,6
7398	51,43
7399	52,7
7400	52
7401	49
7402	42
7403	33,36,43
7404	17
7405	49,45
7406	52,27
7407	52
7408	39,44
7409	36
7410	52,28
7411	52
7412	45
7413	41
7414	52,40
7415	1,35
7416	2
7417	3
7418	17,28
7419	21
7420	52
7421	50,52
7422	33,22
7423	52
7424	21
7425	4
7426	49
7427	46
7428	19,12
7429	52,5
7430	43
7431	6
7432	32
7433	52,43
7434	7
7435	52
7436	20
7437	30
7438	52,25,46
7439	48,47
7440	51
7441	52
7442	9
7443	52
7444	1
7445	2
7446	3,52
7447	47
7448	11
7449	32
7450	48
7451	34
7452	32,9
7453	25
7454	4,52
7455	52,30
7456	52,5
7457	48
7458	20,43
7459	37,41
7460	10
7461	6
7462	34,38
7463	11
7464	41
7465	52,7
7466	16
7467	49,39
7468	52
7469	16,37
7470	52
7471	13
7472	1
7473	2
7474	3,52
7475	24
7476	47
7477	13
7478	52
7479	52
7480	45
7481	44,13
7482	8
7483	4,52
7484	40,26,15
7485	52
7486	52,5
7487	26
7488	18,28
7489	6
7490	41
7491	35
7492	7
7493	32,47
7494	32,17
7495	52
7496	46
7497	52,37
7498	8,12
7499	52
7500	43
7501	8,24
7502	19
7503	1
7504	2,50
7505	3,40
7506	36
7507	25,43
7508	52
7509	52
7510	52,36,43
7511	4,52
7512	41
7513	5
7514	36,46
7515	6
7516	52,14
7517	7
7518	52
7519	46
7520	15
7521	52
7522	23,14
7523	52,21
7524	21,14
7525	34
7526	52
7527	10
7528	8,25
7529	24
7530	17,43
7531	18,13
7532	25
7533	43
7534	52
7535	1
7536	2,52
7537	3
7538	52
7539	23
7540	16,22
7541	16
7542	42,27
7543	52
7544	4,9
7545	52,41
7546	25,42
7547	52,5
7548	9
7549	39
7550	6
7551	49
7552	34
7553	52,7
7554	51,11
7555	52
7556	41,30
7557	37
7558	35,39
7559	18
7560	52
7561	39,9
7562	52
7563	52
7564	1,51
7565	2
7566	3,20
7567	52
7568	9,45
7569	12
7570	47
7571	18,44,46
7572	10
7573	4,52
7574	29
7575	52,5
7576	52
7577	6,39
7578	29
7579	39
7580	25
7581	52,7
7582	52
7583	43,47
7584	10
7585	31
7586	36
7587	19,38
7588	41,15
7589	52
7590	50
7591	52
7592	1
7593	2,26
7594	3,36
7595	52
7596	52
7597	44
7598	35,30
7599	35
7600	42
7601	30
7602	36
7603	42
7604	44
7605	4,10
7606	39
7607	18,52
7608	52
7609	52,5
7610	25
7611	15
7612	6,14
7613	47
7614	52,7
7615	35
7616	52,20
7617	52
7618	51
7619	22
7620	13
7621	15
7622	36,38
7623	23,14
7624	1,52
7625	2
7626	3
7627	39,11
7628	17
7629	52
7630	52
7631	52
7632	52
7633	17,38,43
7634	4
7635	52
7636	50,5
7637	50
7638	10
7639	6
7640	21,42
7641	52,7,41
7642	18,30
7643	34
7644	10
7645	17,52
7646	52
7647	34
7648	9
7649	35
7650	18,40
7651	48
7652	23,43
7653	32,39
7654	1
7655	2
7656	3,52
7657	34,40
7658	52
7659	46
7660	52
7661	29
7662	4
7663	52
7664	22
7665	5
7666	52
7667	52,6
7668	19,42
7669	7
7670	35,38
7671	38
7672	8,14
7673	34
7674	52
7675	37
7676	52,46
7677	52
7678	36,22
7679	10
7680	51
7681	45
7682	1,52
7683	2,52
7684	3
7685	36
7686	47
7687	43
7688	22
7689	52
7690	49
7691	4
7692	39
7693	18
7694	52,5
7695	37
7696	27
7697	52,22
7698	49
7699	6
7700	52
7701	20,7
7702	39
7703	52,46
7704	34,15
7705	34
7706	47
7707	52
7708	52
7709	44
7710	37
7711	1
7712	2
7713	3
7714	49,34
7715	52
7716	19,52
7717	52
7718	20
7719	47
7720	39,45,46
7721	38
7722	52
7723	4,52
7724	52
7725	5,38
7726	39
7727	23
7728	16,44
7729	6,28
7730	25
7731	46
7732	52,7
7733	25
7734	29
7735	12
7736	35
7737	52
7738	18,47
7739	52
7740	38
7741	52
7742	32
7743	52,41
7744	1,47
7745	2
7746	3
7747	50
7748	46
7749	26
7750	52,38
7751	4
7752	52,36
7753	5
7754	52
7755	36
7756	51
7757	52,6
7758	24
7759	17
7760	7
7761	49
7762	42
7763	33,34,41
7764	47
7765	52
7766	52
7767	25
7768	52
7769	31
7770	10
7771	16,45
7772	1,19
7773	2,52
7774	3,41
7775	17
7776	52
7777	49,40
7778	24
7779	52,36
7780	45
7781	51,10
7782	27
7783	4
7784	43
7785	52,5
7786	49,21,8
7787	52
7788	17,18,41
7789	52,6
7790	46
7791	52
7792	7,30
7793	29
7794	52
7795	42
7796	35
7797	48,16,43
7798	31
7799	47
7800	52
7801	52
7802	26
7803	1
7804	2
7805	3
7806	52
7807	8
7808	13
7809	52
7810	23,26
7811	49
7812	52
7813	4,52
7814	46
7815	5
7816	24,31
7817	6
7818	32
7819	52,24
7820	21
7821	7,30
7822	52
7823	16,50
7824	30,15
7825	16,52
7826	51
7827	38,41,12
7828	37,12
7829	32,23
7830	17,52,21
7831	16,45
7832	52
7833	1
7834	2,44
7835	3
7836	52
7837	21,27
7838	26,28
7839	40
7840	52
7841	32,9
7842	18
7843	8
7844	52
7845	4,52
7846	22
7847	52,5
7848	51,30
7849	6
7850	11
7851	7
7852	32,33,12
7853	40
7854	25
7855	52
7856	32,52
7857	34
7858	52,20
7859	40
7860	14
7861	52,45
7862	52
7863	23
7864	1
7865	2
7866	3
7867	34
7868	33
7869	52,42
7870	12
7871	52
7872	4,43
7873	31
7874	52
7875	33,29
7876	50,40
7877	52,5
7878	22,8,14
7879	13
7880	6,27
7881	33
7882	52
7883	7,42
7884	52,30
7885	10
7886	28,15
7887	26
7888	52
7889	11
7890	46
7891	52,24
7892	32,52
7893	1
7894	2,52
7895	3
7896	22
7897	27,13
7898	25
7899	18,43
7900	10,47
7901	52
7902	26
7903	52
7904	30
7905	18,4
7906	52
7907	26
7908	5
7909	13
7910	40
7911	19,27,45
7912	52,6
7913	51,35
7914	26
7915	13
7916	52,7
7917	19
7918	50
7919	36
7920	52
7921	52
7922	39
7923	19,13
7924	33
7925	1
7926	2,52
7927	3
7928	37
7929	48,52
7930	33,39
7931	19,28
7932	52
7933	4,52
7934	19,45
7935	5
7936	41
7937	48,6,22
7938	52
7939	7
7940	32,8
7941	50
7942	52
7943	28
7944	48,22,14
7945	22
7946	18
7947	50,52,20
7948	24
7949	52
7950	18,23
7951	40
7952	32
7953	33,52
7954	16,21
7955	1
7956	2,52
7957	3,52
7958	26,14
7959	41
7960	36,44
7961	52,9
7962	43
7963	16
7964	52
7965	4
7966	43
7967	52,5
7968	18
7969	33
7970	27
7971	6
7972	32,51,26
7973	41
7974	52,20,7
7975	40,8
7976	48
7977	52
7978	11
7979	52,23
7980	50
7981	47
7982	33,15
7983	21
7984	1,52
7985	2
7986	3
7987	52,14
7988	52,47
7989	32,33
7990	36
7991	9
7992	27
7993	4,31
7994	49
7995	52,31
7996	5
7997	10,31
7998	52
7999	52,6
8000	46
8001	27
8002	7
8003	32,52
8004	52
8005	52
8006	33
8007	25
8008	34
8009	50
8010	47
8011	48
8012	18,27
8013	1,52
8014	2
8015	3
8016	52
8017	8
8018	52
8019	35,8
8020	25
8021	18,40,43
8022	43
8023	4,52
8024	38
8025	10
8026	52
8027	5
8028	52
8029	18,6
8030	51
8031	33
8032	35,7
8033	52
8034	25
8035	35,52
8036	32
8037	16
8038	51
8039	14,47
8040	52
8041	36,37
8042	13
8043	44
8044	17,12
8045	1,52
8046	2
8047	3
8048	49
8049	52
8050	52,47
8051	10
8052	52
8053	4
8054	48
8055	51,5
8056	14
8057	6
8058	41
8059	52,7
8060	52
8061	39
8062	42,27
8063	41
8064	20
8065	29
8066	52
8067	37,21,44
8068	52
8069	52
8070	11
8071	52
8072	38
8073	48,42
8074	18,22
8075	1
8076	2
8077	3
8078	52
8079	52,38
8080	35,29
8081	52
8082	20,47
8083	4,52
8084	52
8085	34,44
8086	22
8087	5,45
8088	19,9
8089	6
8090	32,38,47
8091	50
8092	7
8093	52
8094	16
8095	37
8096	52,39
8097	52
8098	21,43
8099	39,25,44
8100	35,39,40
8101	32,19
8102	17
8103	52
8104	41
8105	1,52
8106	2,41
8107	3
8108	52,9,14
8109	20,43
8110	43
8111	49,18
8112	52
8113	4,42
8114	18,52
8115	35,5
8116	23
8117	6
8118	52,30
8119	15
8120	7
8121	21
8122	48
8123	9,31
8124	52
8125	29
8126	18,29
8127	22
8128	52
8129	52
8130	50
8131	52
8132	39,25
8133	1,47
8134	2,52
8135	3
8136	50
8137	38,10
8138	35,12
8139	39
8140	52,24,15
8141	14
8142	50,29
8143	42
8144	15
8145	4
8146	49,52
8147	17,5
8148	35
8149	34,52,6
8150	52
8151	52,39
8152	52,7
8153	20
8154	29
8155	25,28
8156	40
8157	16
8158	45
8159	46
8160	52
8161	52
8162	52,42,15
8163	52
8164	1
8165	2
8166	3,31
8167	22
8168	19
8169	44
8170	51,8
8171	19
8172	4
8173	52
8174	5
8175	52
8176	37
8177	6,14
8178	12
8179	52
8180	8
8181	51,9
8182	7
8183	11
8184	37,45
8185	11
8186	52,31
8187	24
8188	52
8189	49,52
8190	38
8191	34,26
8192	11
8193	52
8194	1
8195	2,19
8196	18,3
8197	23,46
8198	52,12
8199	52
8200	13
8201	41
8202	25
8203	45
8204	52
8205	4
8206	32,14
8207	19,38
8208	5
8209	52
8210	52
8211	6
8212	36
8213	7
8214	52,9
8215	23
8216	33,13
8217	29
8218	52,46
8219	51
8220	52
8221	45
8222	38
8223	1
8224	2
8225	3,52
8226	52,42
8227	21
8228	8
8229	52,38
8230	18
8231	52
8232	52,13
8233	36,25
8234	4
8235	35
8236	5,45
8237	32,52
8238	43
8239	6,25
8240	33,9
8241	15
8242	50,31
8243	7
8244	52
8245	48,51,30
8246	19
8247	52,13
8248	52
8249	37,27
8250	42,13,30
8251	1,52
8252	2
8253	3
8254	26
8255	52
8256	52
8257	33,51
8258	14
8259	17,37,29
8260	42
8261	20
8262	52
8263	27,46
8264	4,52
8265	13
8266	52,5
8267	27
8268	32,45
8269	6
8270	36,20
8271	7
8272	52
8273	16,22
8274	34
8275	8,9
8276	19
8277	52,40
8278	15
8279	16
8280	52
8281	37,27
8282	52
8283	21
8284	52
8285	1
8286	2
8287	3
8288	33,52
8289	42,46
8290	11
8291	19,52
8292	4,28
8293	52,9
8294	5,42
8295	32,52
8296	6
8297	40
8298	7,43
8299	50
8300	44,15
8301	35,39
8302	34,12
8303	52
8304	52
8305	18,15
8306	51,46
8307	37,45
8308	52
8309	8,15
8310	12
8311	52
8312	22,14
8313	25
8314	1
8315	2
8316	3,52
8317	52
8318	10
8319	10,46
8320	42
8321	19
8322	4
8323	37
8324	52
8325	5
8326	28
8327	29
8328	52,41
8329	52,6
8330	41
8331	7
8332	52
8333	20,41
8334	35,47
8335	38,9,27
8336	15
8337	52,44
8338	33,49,8
8339	16,52
8340	21,15
8341	11,44,31
8342	1,52
8343	2,24
8344	3
8345	9
8346	52
8347	38
8348	30
8349	33
8350	52,28
8351	27,30
8352	8
8353	4,52
8354	52
8355	5
8356	49
8357	6
8358	49,52
8359	7
8360	39
8361	33,9
8362	33
8363	35
8364	38,26,14
8365	52
8366	29
8367	52
8368	52,27
8369	9
8370	20,37,30
8371	52
8372	1,52
8373	2
8374	3,41
8375	17
8376	9,10
8377	36
8378	16
8379	48,27
8380	52,14
8381	52
8382	15
8383	4,40
8384	30,31
8385	15,31
8386	52,5
8387	35,52
8388	40
8389	44
8390	48,6
8391	33
8392	52
8393	52,7
8394	33
8395	42
8396	10
8397	52,27
8398	35
8399	34
8400	22
8401	52
8402	38
8403	43
8404	51
8405	1,52
8406	2
8407	3,23
8408	36,10,12
8409	14
8410	52
8411	4
8412	52
8413	5
8414	25
8415	52
8416	26,44
8417	52,6
8418	20,47
8419	7
8420	37
8421	29
8422	52
8423	18,35
8424	30
8425	52
8426	51
8427	20
8428	25
8429	36
8430	52
8431	1
8432	2
8433	3,52
8434	52
8435	39,23
8436	11
8437	40
8438	18
8439	30
8440	52
8441	52
8442	52
8443	18
8444	4
8445	29
8446	5
8447	52,46
8448	6
8449	36,40
8450	26
8451	20,7,47
8452	33
8453	10
8454	52
8455	34,52,28
8456	16
8457	14
8458	26
8459	19,10
8460	52
8461	1,52
8462	2
8463	3
8464	19,52
8465	49,13
8466	32
8467	52
8468	9
8469	42
8470	36
8471	4,52
8472	52
8473	20,5
8474	9
8475	6
8476	52
8477	23
8478	23
8479	7
8480	40
8481	52
8482	52,27,12
8483	32
8484	52
8485	10
8486	33
8487	51,25
8488	49,33
8489	35,46
8490	33,19
8491	49,12,47
8492	9,29
8493	1
8494	2,52
8495	3,52
8496	15
8497	16,13
8498	52,30
8499	8
8500	51,45
8501	52
8502	38,40
8503	18,24
8504	33,52
8505	4,52,21
8506	30
8507	37,29
8508	35,47
8509	5
8510	47
8511	52,6
8512	21,12
8513	50,7
8514	36
8515	25,30
8516	24,14
8517	26
8518	52,38
8519	17
8520	49,52
8521	50,30
8522	52
8523	34
8524	1,52
8525	2
8526	3
8527	35,14
8528	17,19
8529	52
8530	21,38
8531	43
8532	4
8533	52
8534	5
8535	39,11
8536	52,6
8537	50,52
8538	33,7
8539	49,18
8540	16
8541	50,12
8542	52
8543	52
8544	14
8545	33,13
8546	10,43
8547	52
8548	24,14
8549	29
8550	30
8551	47
8552	26
8553	52
8554	1
8555	2,52
8556	3,44
8557	32,21
8558	52
8559	44
8560	37
8561	20
8562	20
8563	8
8564	4,10
8565	48
8566	50,52
8567	52
8568	5,22
8569	44
8570	52,6
8571	52
8572	7
8573	15
8574	17
8575	52
8576	13
8577	32
8578	48,9
8579	34,52
8580	42
8581	39
8582	23
8583	1,35
8584	2,52
8585	3
8586	52,10
8587	38
8588	49,52
8589	11
8590	34,24,44
8591	4
8592	17,21
8593	25
8594	5
8595	52
8596	52
8597	52
8598	6,41,30
8599	41
8600	26
8601	7
8602	10
8603	42
8604	52,45
8605	40
8606	18,36,11
8607	52,26
8608	26
8609	18,37
8610	52,8,12
8611	1
8612	2,52
8613	3,52
8614	17
8615	15
8616	11
8617	40
8618	15
8619	32,13
8620	52
8621	42
8622	4,23
8623	36
8624	52,5
8625	48,32
8626	52,6
8627	49
8628	7,14
8629	52
8630	8
8631	52,10
8632	16,43
8633	45,46
8634	52
8635	33
8636	39,26
8637	52
8638	21
8639	9,25
8640	50
8641	18
8642	21,29
8643	37
8644	1,35
8645	2
8646	3,45
8647	52,38
8648	52,9
8649	34
8650	52
8651	52
8652	30
8653	4,52
8654	46
8655	11,46
8656	5
8657	36
8658	9
8659	6
8660	33,52
8661	35,7
8662	52,43
8663	52
8664	46,47
8665	8
8666	24,42
8667	42
8668	52,26
8669	26
8670	30
8671	1,12,47
8672	2
8673	3,52
8674	52
8675	52
8676	34,30
8677	37
8678	12
8679	8
8680	42
8681	27
8682	38,26
8683	4,52
8684	52
8685	18,19,20,40
8686	52
8687	5
8688	34
8689	33
8690	6
8691	45
8692	34
8693	39
8694	7
8695	26
8696	16
8697	52
8698	52
8699	52,44
8700	20
8701	49,35
8702	25
8703	52
8704	8
8705	1
8706	2
8707	3,52
8708	52
8709	41
8710	50,42
8711	42
8712	52
8713	50,51
8714	52
8715	4,52
8716	41
8717	16,45
8718	5
8719	13
8720	19,36
8721	6
8722	40
8723	13
8724	7
8725	17,35
8726	52,24
8727	52,40
8728	43
8729	8
8730	52,8
8731	38
8732	21,13
8733	52
8734	52
8735	1
8736	16,2,30
8737	3
8738	52
8739	10
8740	29
8741	22,27
8742	52
8743	43
8744	4,8
8745	16
8746	52,5
8747	42
8748	51
8749	52
8750	6
8751	18
8752	52,7
8753	16
8754	10
8755	52
8756	18,9
8757	21,45
8758	30
8759	51
8760	52
8761	20,47
8762	52
8763	52
8764	1
8765	2,15
8766	3
8767	26
8768	52
8769	16
8770	32,18
8771	4
8772	48
8773	52,38,27
8774	5
8775	51,52,37
8776	37,39,31
8777	6
8778	52
8779	7
8780	33
8781	28
8782	48,17
8783	52,36
8784	52
8785	21,15
8786	23
8787	52
8788	51,22
8789	50
8790	42,26
8791	42
8792	9,31
8793	52
8794	44
8795	1,49
8796	2,46
8797	3
8798	52
8799	22
8800	52,26
8801	52,15
8802	52
8803	36
8804	4
8805	52
8806	5
8807	28
8808	6
8809	40
8810	7
8811	30
8812	29
8813	52
8814	21,26
8815	11,12
8816	12
8817	52
8818	52
8819	38
8820	39,45
8821	11
8822	33,41
8823	1,29,47
8824	2
8825	3,52
8826	38
8827	47
8828	52
8829	48
8830	52
8831	8
8832	48,24
8833	4
8834	18
8835	5
8836	13,29
8837	6,9
8838	52
8839	52,7
8840	52,9
8841	19
8842	49,12
8843	52,31
8844	13
8845	52,15
8846	25
8847	52,9
8848	46
8849	50,43
8850	34
8851	33
8852	52
8853	49
8854	14
8855	1
8856	2,28
8857	18,3,9
8858	52
8859	20,14
8860	52
8861	51
8862	52
8863	8,11
8864	49,17
8865	4
8866	22
8867	29
8868	5
8869	52
8870	52
8871	52,6
8872	50
8873	7
8874	22,29
8875	10
8876	52
8877	16
8878	20
8879	52,25
8880	25
8881	1,52
8882	2,30
8883	3,52
8884	52
8885	20,40
8886	30
8887	11,47
8888	20,14
8889	16
8890	19
8891	32
8892	4
8893	46
8894	51
8895	18,52
8896	52,39
8897	5
8898	20
8899	52,6
8900	39,40
8901	52
8902	19,9
8903	52,7
8904	52
8905	9
8906	28
8907	17
8908	17
8909	35
8910	36
8911	11
8912	1
8913	2
8914	3,52
8915	52
8916	40,28,44
8917	49,52
8918	50
8919	12
8920	19,11,45
8921	45
8922	37
8923	47
8924	22
8925	4,52
8926	52
8927	9,30,31
8928	52,5
8929	21
8930	48,6,30
8931	52
8932	52
8933	7
8934	52,30
8935	35,11
8936	29
8937	48,41
8938	32,39
8939	21,24
8940	37
8941	50
8942	17,52
8943	16
8944	1
8945	2,52
8946	3
8947	52
8948	38
8949	50
8950	20
8951	52
8952	4,15
8953	20
8954	49,19,44
8955	52,5
8956	22
8957	19,6,22
8958	46
8959	52
8960	7
8961	36,9
8962	52,28
8963	52
8964	52
8965	31
8966	38
8967	12
8968	38,8
8969	20
8970	35
8971	41
8972	44
8973	38
8974	24
8975	1,52
8976	2
8977	3,52
8978	46
8979	52
8980	48
8981	17
8982	39,28
8983	4,52
8984	18,52
8985	5
8986	12
8987	6
8988	50
8989	52
8990	7
8991	52
8992	48,41,30
8993	52
8994	19
8995	20
8996	27,45
8997	49,14
8998	52
8999	16,51
9000	38,15
9001	26
9002	52
9003	11
9004	30
9005	11
9006	37
9007	50,13
9008	25
9009	52
9010	52
9011	8,42
9012	52,20,41
9013	52,31
9014	25
9015	34
9016	46
9017	37
9018	23
9019	12
9020	52,29
9021	51,43
9022	15
9023	52
9024	37
9025	39
9026	52
9027	26
9028	15
9029	52
9030	30
9031	13,15
9032	52
9033	44,15
9034	13
9035	49
9036	30
9037	52
9038	8,9
9039	52
9040	23
9041	34
9042	19,24
9043	39
9044	32,23
9045	52
9046	16,52,24
9047	29
9048	9
9049	52
9050	44
9051	52
9052	9
9053	34
9054	26
9055	52
9056	52
9057	16
9058	19
9059	46
9060	29
9061	43
9062	45
9063	9,13
9064	9
9065	37
9066	52
9067	41
9068	17,51
9069	52
9070	52
9071	41
9072	34,23
9073	52,41
9074	52
9075	52
9076	15
9077	16
9078	32
9079	46
9080	48
9081	45
9082	52
9083	20
9084	52
9085	35
9086	34
9087	52
9088	18,14
9089	35,38
9090	8
9091	52
9092	28
9093	48
9094	25,14
9095	52
9096	41
9097	40,27
9098	32,11
9099	20
9100	52
9101	32,52
9102	24,25
9103	10
9104	52,22
9105	52
9106	21,46
9107	11
9108	8
9109	50
9110	27
9111	22
9112	45
9113	43,12
9114	52
9115	8
9116	52
9117	39,12
9118	34,30
9119	50
9120	34,52
9121	10
9122	18,15
9123	22
9124	19
9125	52
9126	43
9127	52
9128	17
9129	17,52,25
9130	44
9131	52
9132	19,23
9133	21
9134	26,28
9135	19
9136	28
9137	52,13,14
9138	52
9139	12
9140	31
9141	10
9142	36,25,47
9143	27
9144	33
9145	52
9146	18,40
9147	23,12
9148	52
9149	8,12
9150	52
9151	32
9152	20
9153	15
9154	29
9155	21,22
9156	52
9157	40
9158	10
9159	52,22
9160	52
9161	21
9162	22
9163	52
9164	11
9165	51,9
9166	52
9167	52
9168	20
9169	19,29
9170	40,10
9171	52
9172	35
9173	50
9174	18
9175	42
9176	52
9177	29
9178	52,13,15
9179	29
9180	46
9181	34,12
9182	52,21
9183	52
9184	52
9185	30
9186	9
9187	12,15
9188	34,40
9189	31
9190	12
9191	12
9192	13
9193	14
9194	52
9195	17
9196	44
9197	52
9198	39
9199	9
9200	52
9201	44
9202	32,10
9203	52,9
9204	37
9205	52
9206	42
9207	16,44
9208	29
9209	46
9210	52
9211	39
9212	44
9213	37
9214	28
9215	46
9216	52
9217	26,10
9218	18
9219	52
9220	52
9221	52
9222	25
9223	32,28
9224	52,43
9225	40
9226	18
9227	51,11
9228	14
9229	52
9230	49,44
9231	51,52
9232	52
9233	49,10
9234	10
9235	42
9236	41,45
9237	52
9238	44,31
9239	41
9240	16,38
9241	19
9242	43
9243	52
9244	15
9245	11,46
9246	40
9247	52
9248	52
9249	23
9250	47
9251	52,11
9252	35,28
9253	52,47
9254	33
9255	25
9256	46
9257	22,38
9258	12
9259	8
9260	52
9261	51
9262	17
9263	16
9264	18,26
9265	52,30
9266	37,8,44
9267	52,27
9268	48
9269	50
9270	52
9271	24
9272	33,52
9273	52
9274	40,27
9275	52
9276	47
9277	38
9278	48,11
9279	12
9280	46
9281	40
9282	16
9283	36,28
9284	36
9285	51,52
9286	26
9287	52
9288	15
9289	52
9290	34
9291	33
9292	52
9293	20
9294	33
9295	46
9296	9,11,31
9297	34
9298	36,12
9299	52
9300	52
9301	38,39
9302	10,11
9303	29
9304	52,36,30
9305	52
9306	35
9307	44
9308	48
9309	52
9310	32
9311	52
9312	52
9313	11
9314	52
9315	19,26,29
9316	43
9317	13
9318	31
9319	35,14
9320	44
9321	22,14
9322	33
9323	20,23
9324	52,46
9325	14
9326	52
9327	51
9328	52
9329	24
9330	23
9331	52
9332	35
9333	31
9334	33
9335	33,15
9336	52,39
9337	17
9338	52
9339	32
9340	13,46
9341	44
9342	52
9343	37
9344	52
9345	19,44
9346	38,41
9347	33
9348	38
9349	37
9350	52
9351	52,45
9352	52
9353	34
9354	46
9355	8,41,45
9356	34
9357	41
9358	52,15
9359	12
9360	40,41
9361	52,10
9362	18
9363	24
9364	52,25
9365	39,26
9366	23,27,29
9367	44
9368	14
9369	17,33,40
9370	52
9371	44,46
9372	41,28,14
9373	38,22
9374	31
9375	30
9376	52,26
9377	52
9378	52
9379	49,18
9380	51,31
9381	52
9382	35
9383	47
9384	52
9385	8
9386	52
9387	13,30
9388	23
9389	16,26,12
9390	12,46
9391	18,24
9392	20
9393	37,41
9394	52,10
9395	11
9396	52
9397	38
9398	12
9399	52
9400	14
9401	52
9402	10
9403	16,26
9404	51,22
9405	40
9406	52
9407	12
9408	52
9409	32,49,13
9410	41
9411	11
9412	44
9413	38
9414	33,37,27
9415	52
9416	52
9417	18
9418	35
9419	24
9420	52
9421	12
9422	36,28
9423	17
9424	52,24
9425	34
9426	52
9427	21,15
9428	49,52
9429	32
9430	10
9431	18,52
9432	16
9433	39,45
9434	10
9435	52
9436	48
9437	23,42,47
9438	16,31
9439	52
9440	22,24
9441	40
9442	35
9443	32
9444	52
9445	33
9446	12
9447	39
9448	24
9449	52
9450	52,12
9451	24
9452	30
9453	52,14
9454	42
9455	37
9456	33,52
9457	28
9458	36
9459	52
9460	48
9461	32,52,44
9462	52
9463	16
9464	12
9465	40
9466	40,11
9467	52
9468	14
9469	32,24
9470	49
9471	42
9472	52
9473	24
9474	52
9475	26
9476	40
9477	22
9478	33,34,44
9479	50,8,29
9480	52
9481	29
9482	39,9
9483	52,13
9484	37,43
9485	32,52,46
9486	8,10
9487	16,52
9488	50
9489	32
9490	46
9491	48,46
9492	52,37
9493	47
9494	52,26
9495	11
9496	48,41
9497	43
9498	52
9499	19
9500	21,12
9501	52
9502	32,52
9503	37,41
9504	25
9505	9,46
9506	52,22
9507	33,23
9508	13
9509	49
9510	22
9511	52
9512	35,29
9513	25
9514	41,13
9515	14
9516	27
9517	52
9518	52,27
9519	29
9520	8
9521	35,13
9522	46
9523	52
9524	15
9525	34
9526	10
9527	52
9528	40
9529	52
9530	14
9531	52,40
9532	37,23
9533	16
9534	35
9535	52
9536	23
9537	13
9538	52,43
9539	24
9540	23
9541	9
9542	16,10
9543	17,40
9544	27
9545	11
9546	20,22
9547	49,52,30
9548	52
9549	52,45
9550	37
9551	23
9552	52
9553	52
9554	35
9555	8,29
9556	11
9557	52
9558	11
9559	17,41
9560	26,45
9561	52
9562	30
9563	52
9564	31
9565	21,42
9566	14,46
9567	39
9568	35
9569	46
9570	52
9571	52
9572	25,44
9573	49
9574	35
9575	52
9576	31
9577	22,38
9578	23
9579	52
9580	32
9581	52
9582	51,52
9583	27,46
9584	32
9585	36
9586	37
9587	52,14
9588	21
9589	38
9590	17,44
9591	48,52
9592	17
9593	22,10
9594	25
9595	44
9596	34
9597	52,27
9598	20,23
9599	34
9600	52
9601	49,22
9602	48
9603	50
9604	52
9605	50
9606	32,17
9607	52
9608	40,42
9609	52
9610	18,42
9611	37
9612	16,10
9613	50
9614	52
9615	52,28
9616	52
9617	41
9618	32
9619	44
9620	11
9621	52
9622	40
9623	52,42
9624	18
9625	27
9626	39
9627	16
9628	44
9629	44
9630	52
9631	48
9632	33,23
9633	45
9634	52
9635	16,42
9636	25,12
9637	52
9638	28
9639	35,47
9640	52
9641	20,40
9642	9,26,42
9643	27
9644	29,14
9645	44
9646	52
9647	16,22
9648	52,46
9649	52
9650	18,10
9651	49
9652	52
9653	37,13
9654	52
9655	33
9656	52
9657	37
9658	26,14
9659	22,44
9660	15
9661	52
9662	52
9663	43
9664	50,46
9665	51,13
9666	29
9667	52
9668	24
9669	23,42
9670	27
9671	51
9672	52
9673	23
9674	52,46
9675	52,21
9676	27
9677	29
9678	42
9679	50
9680	24,9
9681	50,52
9682	52,36
9683	37
9684	33,8
9685	11
9686	14
9687	52
9688	26,11
9689	31
9690	14
9691	11
9692	48,52,10
9693	50,10,45
9694	23
9695	35,52
9696	33,52
9697	51
9698	43
9699	46
9700	35
9701	14
9702	26,29
9703	52
9704	52,27,45
9705	50,31
9706	20,13
9707	19,14
9708	34,36
9709	52
9710	42
9711	12
9712	15
9713	52
9714	14
9715	27
9716	8,40
9717	52
9718	37
9719	19
9720	52
9721	52,9
9722	45
9723	32,42
9724	12,14
9725	52
9726	33,52,14
9727	35
9728	18
9729	14
9730	48,8
9731	52
9732	32
9733	19
9734	37
9735	52,22
9736	52
9737	45
9738	25
9739	24
9740	10,44
9741	52
9742	52,31
9743	25
9744	16
9745	52
9746	24,9
9747	18
9748	24
9749	17
9750	24
9751	52
9752	22,9
9753	16,29
9754	13
9755	52,44
9756	45
9757	52,27
9758	19
9759	29
9760	50,15
9761	23,9
9762	15
9763	9
9764	52
9765	48
9766	18,8
9767	23,25
9768	52
9769	52
9770	8
9771	52
9772	23
9773	49
9774	37,13
9775	45
9776	52,42
9777	52
9778	29
9779	45
9780	36
9781	52,29
9782	52
9783	52
9784	13
9785	35,36
9786	22
9787	34
9788	50,14
9789	20
9790	47
9791	52
9792	52
9793	17
9794	42
9795	8
9796	52,30
9797	50
9798	51,19,24,42
9799	46
9800	19
9801	48,10
9802	52
9803	51,8
9804	27
9805	20,41
9806	28
9807	23,29
9808	52
9809	40,10
9810	52
9811	46
9812	52,30
9813	52,31,47
9814	20
9815	26,15
9816	52
9817	50,25
9818	51
9819	35
9820	39
9821	52
9822	52
9823	30
9824	27,44
9825	50
9826	32
9827	52
9828	50,35
9829	17,36
9830	14
9831	41
9832	52
9833	35,38
9834	50,38
9835	47
9836	47
9837	25
9838	48,15
9839	52
9840	16,52
9841	52
9842	44
9843	19
9844	39
9845	52,36
9846	11
9847	24
9848	52
9849	51,36,24
9850	27
9851	37
9852	49,39
9853	52
9854	10
9855	9
9856	52
9857	39,46
9858	41
9859	8
9860	52
9861	17
9862	18
9863	27
9864	52
9865	49
9866	52,36
9867	52
9868	20
9869	12
9870	9,42
9871	10
9872	52,25
9873	52
9874	30
9875	27
9876	19
9877	52
9878	19,41
9879	29
9880	46
9881	33
9882	21
9883	52
9884	48,40
9885	52
9886	18,26
9887	34,25
9888	52
9889	14
9890	20
9891	33,9
9892	19
9893	40
9894	28
9895	33
9896	52
9897	52
9898	38
9899	8,26,27
9900	52,41
9901	37
9902	50,23
9903	17,21
9904	35,39
9905	43
9906	52,27
9907	44,13
9908	45
9909	52
9910	52
9911	37
9912	52
9913	40
9914	9
9915	19,45
9916	46
9917	52
9918	36
9919	25
9920	52,41
9921	24
9922	19,38
9923	19,8
9924	52,12
9925	30
9926	19
9927	52
9928	17
9929	52
9930	19
9931	36,23
9932	50
9933	52
9934	26
9935	49
9936	17
9937	52
9938	42,14
9939	30
9940	52
9941	34,37,30
9942	23
9943	30
9944	52,31
9945	25
9946	50,51
9947	21
9948	36
9949	52
9950	52
9951	12,28
9952	45
9953	26
9954	35
9955	52
9956	36,39
9957	39
9958	33,52,43
9959	35,52
9960	39
9961	47
9962	27,28
9963	11
9964	52
9965	52
9966	8
9967	17,36
9968	33,21,26
9969	51,44,28
9970	52
9971	19,25
9972	36
9973	28
9974	52
9975	52
9976	23
9977	52
9978	10
9979	22
9980	10,15
9981	33,25
9982	52
9983	52
9984	26
9985	41
9986	9,27
9987	33
9988	37
9989	39,42
9990	52,15
9991	52
9992	16
9993	41
9994	35,21
9995	18,52
9996	22,11
9997	19,31
9998	52,26
9999	15
10000	26
